239
239
240
239
240
239
239
240
240
240
240
238
238
238
238
237
236
236
236
236
236
236
236
234
234
235
235
235
235
234
234
234
234
235
234
233
233
232
233
233
232
232
232
232
233
233
232
231
231
232
232
231
231
231
231
231
231
231
231
231
230
230
230
230
230
230
229
230
229
230
230
229
229
228
228
228
228
228
228
226
226
226
226
226
225
225
224
224
224
224
224
223
223
222
223
223
222
222
222
221
221
221
222
221
220
220
219
220
221
220
220
220
218
219
220
220
220
219
219
219
219
219
219
218
218
218
217
219
218
219
218
217
217
217
218
218
219
218
217
218
218
219
220
218
218
219
218
219
219
218
219
219
218
220
219
220
218
218
217
218
217
218
217
217
218
217
216
217
217
216
216
216
216
217
217
217
217
216
217
216
217
216
216
216
216
216
215
216
217
217
216
216
216
217
217
217
216
216
216
217
217
217
218
218
217
218
218
218
218
218
217
216
217
217
217
218
218
217
217
217
218
219
219
218
218
218
219
219
219
219
218
218
218
219
218
217
217
217
216
217
217
218
217
216
215
215
216
217
217
217
216
216
216
217
217
217
216
215
216
216
217
217
217
217
216
217
217
218
219
217
217
218
217
217
218
217
218
217
217
217
217
217
216
216
216
216
216
216
216
216
215
216
215
215
216
216
216
215
214
215
216
216
215
216
215
216
216
216
217
216
215
214
215
215
216
216
215
215
216
216
215
216
215
216
216
216
216
217
217
217
216
218
217
218
218
217
217
217
216
216
217
218
216
216
216
216
217
217
217
216
217
217
217
217
218
217
216
216
215
217
217
217
216
216
216
216
217
218
216
217
216
217
218
217
218
218
217
217
217
217
218
218
217
217
217
217
218
217
217
217
216
215
215
217
216
216
215
215
216
215
216
216
215
215
215
215
214
215
214
214
214
215
215
214
215
214
213
214
214
214
215
215
215
214
214
215
215
215
216
215
215
215
215
215
216
215
215
215
215
216
216
217
217
216
216
216
217
216
217
216
215
216
216
216
217
216
217
217
217
217
217
217
218
216
217
216
216
217
217
216
216
217
216
217
217
217
217
216
217
217
217
217
216
216
215
216
216
216
217
217
216
216
216
217
218
217
216
217
216
217
217
218
217
217
216
217
217
217
217
217
216
216
217
217
218
217
216
215
216
216
217
217
217
217
216
217
217
218
218
217
217
217
217
218
218
218
218
218
219
218
218
219
217
217
217
218
217
218
217
218
218
217
218
219
219
219
218
219
218
218
219
218
218
217
218
218
218
218
218
218
217
217
218
218
218
218
218
218
218
219
219
219
220
218
219
219
220
219
219
219
218
218
218
219
218
218
217
218
216
218
217
217
217
216
217
217
217
217
217
217
216
217
216
217
217
217
216
217
216
218
218
217
217
217
218
219
219
219
218
219
217
218
218
218
218
217
216
217
217
218
218
217
217
217
217
218
218
217
217
217
217
217
218
218
218
217
217
217
217
217
218
217
217
217
218
218
219
218
217
217
216
218
218
219
217
216
218
217
218
219
218
218
218
218
218
219
219
219
219
218
218
219
218
219
217
218
218
217
218
217
217
216
217
216
217
217
217
216
216
216
217
216
217
217
216
216
217
217
217
217
216
216
216
217
216
218
217
217
216
216
216
216
217
216
216
216
215
216
216
217
216
215
216
216
216
217
217
216
215
216
215
216
216
215
214
215
215
215
216
215
215
215
214
216
215
216
216
216
215
216
216
217
217
217
215
216
214
215
216
216
216
216
216
215
215
216
216
215
216
216
216
216
217
216
217
216
217
216
218
217
218
217
217
218
217
219
218
218
217
217
218
217
219
219
218
218
218
218
218
219
218
218
218
218
219
220
220
219
219
219
219
220
219
219
219
219
218
218
219
219
218
218
217
218
219
218
219
217
217
217
217
218
218
217
217
217
217
217
218
217
217
218
217
218
218
219
218
218
217
217
218
218
218
218
217
216
217
217
219
218
217
217
218
217
218
218
217
217
217
217
217
218
218
218
218
218
218
218
219
218
218
218
217
217
219
218
218
218
218
218
219
220
218
218
219
218
218
219
219
219
218
219
218
219
219
219
219
217
218
218
219
218
218
217
217
217
218
219
218
218
216
216
217
218
217
219
218
218
218
218
218
219
218
218
217
217
218
219
219
219
218
219
219
220
220
219
220
219
219
218
219
219
219
218
218
218
219
218
218
219
217
218
218
219
220
218
218
217
218
218
219
218
219
218
218
219
219
219
220
219
219
219
219
220
219
219
218
219
218
219
220
220
219
219
219
218
219
219
219
219
218
219
218
0
