33
92
140
185
227
268
308
347
387
428
391
295
209
131
62
0
-55
-51
10
67
60
1
-55
-105
-95
-32
29
81
130
175
161
146
191
232
210
133
64
57
52
-6
-5
51
102
150
194
177
103
35
32
83
77
15
12
65
116
162
205
187
169
156
141
186
169
97
87
80
71
120
110
44
40
38
-23
-21
-19
-71
-65
-59
-110
-156
-200
-239
-280
-320
-360
-400
-368
-333
-369
-409
-447
-478
-503
-462
-422
-451
-415
-377
-411
-448
-412
-373
-408
-445
-477
-503
-460
-364
-330
-368
-337
-304
-342
-313
-225
-203
-187
-169
-211
-251
-291
-265
-240
-281
-257
-232
-211
-193
-177
-162
-204
-245
-284
-259
-176
-104
-37
-34
-30
-26
-24
34
87
79
73
68
61
111
103
95
142
130
119
165
151
81
19
-38
-89
-137
-182
-222
-203
-126
-115
-161
-205
-245
-284
-258
-177
-160
-146
-78
-71
-120
-108
-44
-38
-90
-138
-182
-166
-152
-140
-126
-116
-51
-46
-43
-40
-38
18
72
65
4
-53
-49
9
7
5
61
111
157
200
240
218
141
71
62
58
-3
-58
-53
4
60
109
102
37
35
85
135
178
164
150
193
177
161
205
186
170
156
86
22
-34
-87
-135
-180
-165
-151
-138
-126
-171
-213
-253
-231
-208
-191
-117
-106
-97
-88
-81
-73
-67
-62
-110
-157
-145
-77
-13
44
97
87
81
129
174
215
196
121
109
99
35
28
26
24
76
71
9
-49
-99
-147
-134
-123
-166
-154
-84
-76
-124
-113
-103
-149
-194
-177
-161
-149
-135
-180
-222
-202
-128
-115
-107
-42
-35
-34
24
78
72
10
-46
-97
-144
-189
-172
-99
-35
23
21
-37
-89
-82
-21
32
30
26
78
127
172
215
254
295
268
185
169
155
84
22
-35
-33
25
24
-32
-85
-78
-69
-62
-2
2
4
57
107
99
90
82
21
-35
-86
-80
-20
-16
-18
-15
-16
-14
-15
40
37
-20
-19
35
87
134
124
57
50
47
41
92
85
76
124
116
50
45
43
-14
-68
-116
-162
-149
-137
-182
-222
-202
-184
-227
-207
-189
-231
-210
-136
-121
-167
-209
-249
-290
-329
-300
-273
-248
-170
-153
-197
-236
-215
-194
-179
-162
-205
-187
-114
-48
-45
-42
15
14
-42
-40
19
72
66
4
-53
-49
-43
-39
20
74
123
168
211
192
173
159
145
134
66
5
2
1
-1
54
104
95
87
134
122
112
102
92
138
127
61
-1
-57
-53
7
10
-44
-40
19
17
15
66
62
56
52
44
42
-17
-71
-120
-165
-152
-83
-22
-21
-19
-16
-68
-63
-3
55
104
96
89
80
19
17
71
64
60
54
51
47
-13
-13
-10
-64
-59
-1
51
49
-11
-65
-115
-160
-147
-79
-17
41
92
84
22
18
70
120
110
46
39
90
82
74
122
168
210
191
175
161
90
27
25
23
18
17
16
17
15
68
62
56
106
152
196
235
215
139
70
8
7
6
-50
-45
14
68
63
57
52
-4
-58
-53
6
60
55
51
46
41
92
139
184
224
203
185
227
207
188
173
102
92
84
22
-37
-88
-81
-75
-123
-168
-210
-190
-174
-159
-145
-188
-173
-158
-146
-133
-123
-58
-52
-102
-148
-137
-69
-8
-6
-61
-57
3
57
107
153
196
236
215
195
236
216
140
71
10
8
10
-43
-94
-86
-25
-24
-22
-18
-71
-66
-7
48
44
-14
-16
-13
-67
-61
-3
51
101
92
30
-27
-79
-73
-12
-10
-9
46
98
89
82
130
119
54
-4
-2
53
48
-7
-60
-54
2
56
105
98
89
135
180
222
260
237
215
197
123
111
103
38
36
33
27
26
-31
-83
-130
-175
-216
-196
-124
-112
-102
-92
-139
-183
-167
-98
-90
-136
-126
-116
-107
-43
16
17
14
15
-40
-36
-35
-33
25
23
21
21
-36
-87
-80
-75
-122
-168
-154
-140
-129
-64
-54
-104
-95
-33
-31
-28
-26
-78
-73
-66
-61
-56
-106
-97
-87
-135
-179
-163
-93
-84
-131
-176
-217
-199
-126
-59
-52
-47
9
7
5
59
108
155
142
76
13
-41
-93
-85
-79
-71
-11
45
42
-14
-10
-9
-9
-7
-9
47
98
89
28
21
74
122
111
101
148
191
174
159
203
243
221
145
132
175
161
92
83
131
176
160
148
136
124
113
104
151
193
177
162
205
244
284
259
234
277
251
172
155
144
130
121
55
-4
-4
-2
-56
-53
6
6
2
56
51
-5
-59
-54
-49
-99
-146
-188
-172
-102
-37
-33
-83
-78
-69
-64
-4
52
102
148
137
71
63
59
53
48
-8
-8
47
44
-14
-14
43
40
-16
-14
-12
-10
-9
-11
-8
-8
-5
-59
-55
5
59
108
154
197
181
109
99
145
134
66
7
3
56
52
48
45
43
92
140
183
167
98
89
135
125
113
104
95
142
130
119
110
45
39
90
83
22
-34
-32
-28
-79
-72
-65
-59
-1
51
48
-10
-64
-113
-104
-96
-89
-27
29
81
75
66
61
54
51
47
43
38
34
31
82
130
174
215
255
294
335
307
275
250
171
100
37
-22
-21
-17
-18
-16
-16
-13
-67
-62
-55
-51
9
63
111
104
40
-19
-17
-15
-12
-10
-9
46
97
142
131
119
164
206
187
173
158
146
134
68
61
110
101
93
139
183
167
98
87
80
20
-39
-35
21
74
69
9
-44
0
