517
516
515
517
516
515
518
515
517
517
515
515
515
514
514
513
513
513
512
513
513
511
511
512
509
511
512
510
512
512
511
512
511
511
512
510
511
511
509
510
509
509
510
510
509
510
510
508
510
509
508
509
508
508
509
508
509
510
508
509
509
508
509
507
506
508
507
508
509
507
506
508
506
506
507
506
506
506
505
506
504
503
505
503
503
504
502
503
503
502
501
503
500
501
501
500
502
501
500
501
500
499
500
499
499
500
499
499
501
499
499
500
498
498
501
499
499
501
499
500
500
498
499
499
499
499
499
498
500
499
499
500
497
498
500
499
499
500
500
501
501
500
501
501
500
502
502
501
503
501
501
502
501
502
503
502
501
503
501
501
501
499
500
501
500
501
500
498
501
500
499
500
500
500
501
500
500
501
500
500
501
499
499
501
499
500
500
499
501
501
500
500
501
500
502
501
500
502
501
501
502
500
500
503
502
502
504
503
503
503
502
502
502
501
502
503
502
504
503
502
504
503
503
504
503
503
505
504
504
505
504
504
504
502
503
503
501
502
503
501
502
501
500
503
500
500
503
500
502
502
500
501
501
501
502
502
500
502
501
500
503
502
502
503
502
502
505
503
504
504
503
503
504
502
503
503
503
504
504
502
503
502
501
502
501
501
502
502
502
502
501
501
501
501
501
501
500
501
501
500
502
500
499
502
502
500
503
502
502
504
501
501
502
500
500
501
501
501
503
501
502
502
501
502
503
501
503
504
502
506
504
504
505
503
504
505
503
504
504
502
503
504
502
502
502
502
503
503
503
504
503
503
504
502
503
504
502
502
504
502
503
503
502
503
503
502
504
503
502
504
503
502
505
503
503
504
503
503
505
503
504
504
503
504
504
502
504
503
501
503
502
501
503
501
500
502
501
501
502
501
501
501
501
501
501
500
501
500
499
501
500
499
502
499
499
501
500
499
502
500
500
500
499
501
501
500
502
502
500
502
502
501
502
501
500
502
501
501
504
502
503
504
502
503
504
503
503
504
502
503
503
501
503
504
502
504
503
503
505
503
503
505
503
503
503
502
502
504
502
502
503
502
504
503
502
504
503
503
504
503
502
503
502
501
502
501
503
504
502
503
503
502
503
504
502
504
504
503
504
504
503
504
503
503
504
503
502
504
503
503
503
502
504
503
502
503
503
501
503
502
503
504
503
502
504
502
503
504
503
504
504
503
504
504
503
504
505
504
505
505
504
504
503
502
504
503
504
505
502
503
505
503
503
504
504
505
505
504
505
504
504
504
503
503
504
504
504
505
503
504
504
502
504
504
503
504
504
504
505
504
505
506
504
505
506
504
505
507
504
505
505
504
504
504
503
503
504
502
503
503
502
503
502
502
502
502
501
503
502
502
504
501
502
502
501
503
503
502
503
503
503
504
503
503
505
504
504
506
504
504
504
502
504
503
502
503
503
502
504
503
503
503
502
502
503
503
503
504
502
503
504
502
503
504
503
504
503
502
503
504
502
503
503
502
504
504
503
505
503
503
504
503
504
504
502
502
504
503
504
504
503
505
504
504
506
505
504
506
505
504
505
504
504
505
503
504
504
502
504
503
502
503
502
502
503
502
502
503
501
502
503
501
502
502
501
502
502
501
504
503
502
503
502
501
503
503
502
503
501
502
503
502
501
502
500
501
502
501
502
502
501
503
502
501
502
501
501
502
501
501
503
501
501
501
500
500
502
500
501
502
499
501
501
500
501
501
501
503
501
501
503
502
502
503
501
501
502
501
502
502
502
502
503
501
502
502
501
502
502
502
504
503
501
504
502
502
504
502
503
505
503
504
504
503
505
504
503
505
504
503
505
504
503
505
504
503
504
503
504
505
505
505
505
503
505
506
505
506
506
505
506
505
505
505
504
504
505
504
504
505
502
504
504
503
504
505
503
504
503
503
504
503
501
502
501
503
503
501
502
504
502
503
504
502
504
504
502
504
503
504
504
503
503
504
503
502
504
503
504
504
502
504
503
503
502
503
502
504
502
502
503
503
502
504
504
504
505
503
504
505
504
503
504
503
503
504
503
504
504
503
505
505
503
504
504
504
504
503
504
505
504
504
505
503
504
504
503
505
504
502
504
503
502
504
502
503
504
503
503
504
502
503
503
501
503
503
502
504
504
503
504
504
502
504
502
503
503
504
504
505
504
505
506
504
506
506
504
506
505
504
505
504
503
504
503
503
504
503
503
504
503
504
504
503
504
504
502
504
503
502
504
503
503
504
504
503
505
504
504
506
504
504
505
504
503
505
503
505
505
503
506
505
504
505
504
503
504
503
504
505
504
504
503
0
