0.006388
0.006388
0.006388
0.006388
0.006388
0.006388
0.006388
0.006388
0.006388
0.006388
0.019165
0.019165
0.006388
0.019165
0.019165
0.019165
0.031942
0.031942
0.031942
0.044718
0.057495
0.070272
0.083049
0.095825
0.108602
0.121379
0.134156
0.159710
0.159710
0.185263
0.198040
0.210817
0.223593
0.249147
0.274701
0.274701
0.300254
0.325808
0.351362
0.376915
0.415246
0.440799
0.466353
0.504683
0.530237
0.568567
0.594121
0.632451
0.670782
0.709112
0.747442
0.824103
0.849657
0.887987
0.939094
0.977425
1.028532
1.079639
1.130746
1.181854
1.220184
1.284068
1.335175
1.386282
1.450166
1.514050
1.577934
1.654595
1.731256
1.807917
1.859024
1.897354
1.948462
1.999569
2.076230
2.140114
2.229551
2.255105
2.382873
2.459534
2.536194
2.612855
2.676739
2.753400
2.830061
2.893945
2.970606
3.060043
3.136704
3.213365
3.302802
3.405017
3.507231
3.634999
3.737214
3.826651
3.916089
3.979973
4.018303
4.069410
4.133295
4.209955
4.286616
4.363277
4.427161
4.427161
4.593259
4.695474
4.772134
4.861572
4.951010
5.014894
5.078778
5.104331
5.129885
5.193769
5.244876
5.308760
5.372644
5.385421
5.385421
5.385421
5.385421
5.385421
5.385421
5.385421
5.385421
5.385421
5.372644
5.385421
5.385421
5.385421
5.385421
5.385421
5.372644
5.372644
5.385421
5.385421
5.385421
5.372644
5.385421
5.359867
5.385421
5.372644
5.385421
5.385421
5.372644
5.385421
5.385421
5.372644
5.385421
5.385421
5.385421
5.385421
5.372644
5.372644
5.372644
5.385421
5.385421
5.372644
5.372644
5.385421
5.372644
5.385421
5.385421
5.385421
5.385421
5.385421
5.410974
5.372644
5.385421
5.385421
5.372644
5.385421
5.385421
5.385421
5.385421
5.385421
5.385421
5.385421
5.385421
5.385421
5.385421
5.385421
5.385421
5.385421
5.385421
5.385421
5.385421
5.385421
5.385421
5.385421
5.385421
5.385421
5.385421
5.385421
5.385421
5.385421
5.385421
5.385421
5.385421
5.385421
5.385421
5.385421
5.385421
5.385421
5.385421
5.385421
5.385421
5.385421
5.385421
5.385421
5.385421
5.385421
5.385421
5.385421
5.385421
5.385421
5.385421
5.385421
5.385421
5.385421
5.385421
5.385421
5.385421
5.385421
5.385421
5.385421
5.385421
5.385421
5.385421
5.385421
5.385421
5.385421
5.385421
5.385421
5.385421
5.385421
5.385421
5.347091
5.385421
5.385421
5.385421
5.385421
5.385421
5.385421
5.372644
5.385421
5.385421
5.385421
5.372644
5.372644
5.385421
5.385421
5.385421
5.372644
5.385421
5.385421
5.385421
5.372644
5.385421
5.385421
5.385421
5.385421
5.385421
5.385421
5.359867
5.385421
5.372644
5.385421
5.385421
5.372644
5.372644
5.372644
5.372644
5.372644
5.372644
5.385421
5.372644
5.385421
5.385421
5.385421
5.385421
5.385421
5.385421
5.385421
5.385421
5.385421
5.385421
5.385421
5.385421
5.398198
5.385421
5.385421
5.385421
5.385421
5.385421
5.385421
5.385421
5.385421
5.385421
5.385421
5.385421
5.385421
5.385421
5.385421
5.385421
5.385421
5.385421
5.385421
5.385421
5.385421
5.385421
5.385421
5.385421
5.385421
5.385421
5.385421
5.385421
5.385421
5.385421
5.385421
5.359867
5.321537
5.270430
5.232100
5.232100
5.206546
5.180992
5.168215
5.168215
5.155438
5.104331
5.027670
5.053224
5.027670
4.989340
4.938233
4.861572
4.810465
4.797688
4.784911
4.772134
4.772134
4.772134
4.669920
4.797688
4.695474
4.657143
4.631590
4.618813
4.580482
4.567706
4.516599
4.465491
4.414384
4.376054
4.350500
4.324946
4.337723
4.286616
4.324946
4.299393
4.299393
4.312170
4.299393
4.286616
4.261063
4.235509
4.222732
4.197178
4.158848
4.133295
4.107741
4.082187
4.069410
4.056633
4.031080
4.018303
4.031080
4.031080
4.043857
4.043857
4.043857
4.056633
4.031080
4.018303
4.005527
4.005527
3.979973
3.979973
3.979973
3.954419
3.941642
3.916089
3.890535
3.890535
3.890535
3.916089
3.954419
3.928866
3.903312
3.928866
3.928866
3.941642
3.954419
3.979973
3.992750
3.979973
3.954419
3.916089
3.877758
3.877758
3.890535
3.903312
3.928866
3.928866
3.941642
3.941642
3.941642
3.967196
3.979973
3.992750
4.018303
4.056633
4.056633
3.967196
4.082187
4.056633
4.082187
4.069410
4.082187
4.082187
4.094964
4.094964
4.094964
4.094964
4.094964
4.120518
4.133295
4.171625
4.363277
4.222732
4.261063
4.273839
4.286616
4.299393
4.324946
4.337723
4.337723
4.312170
4.324946
4.324946
4.350500
4.376054
4.363277
4.427161
4.452714
4.503822
4.542152
4.580482
4.618813
4.631590
4.618813
4.606036
4.593259
4.593259
4.644366
4.554929
4.657143
4.669920
4.695474
4.733804
4.772134
4.797688
4.836019
4.861572
4.887125
4.899902
4.874349
4.848795
4.887125
4.874349
4.887125
4.899902
4.925456
4.951010
4.976563
5.014894
5.053224
5.066001
5.104331
5.129885
5.142662
5.129885
5.078778
5.066001
5.078778
5.117108
5.155438
5.219323
5.257653
5.308760
5.334314
5.321537
5.283206
5.308760
5.347091
5.385421
5.385421
5.385421
5.385421
