0.52	-0.05	-0.00
0.52	-1.05	0.99
-0.47	0.94	-5.00
0.52	11.94	-5.00
0.52	23.94	15.99
2.52	-11.05	-0.00
4.52	10.94	1.99
6.52	-0.05	4.99
11.52	10.94	0.99
13.52	-1.05	19.99
15.52	1.94	2.99
18.52	1.94	10.99
18.52	1.94	4.99
21.52	-5.05	10.99
38.52	-2.05	2.99
23.52	-2.05	10.99
25.52	-7.05	14.99
27.52	-6.05	12.99
29.52	-0.05	10.99
32.52	-1.05	6.99
35.52	-0.05	-0.00
37.52	13.94	2.99
41.52	-1.05	12.99
43.52	-12.05	3.99
45.52	-9.05	-11.00
43.52	5.94	-5.00
44.52	-9.05	9.99
46.52	11.94	-5.00
46.52	24.94	8.99
49.52	-11.05	0.99
51.52	29.94	-1.00
66.52	-10.05	11.99
51.52	7.94	-0.00
53.52	-26.05	-3.00
53.52	-1.05	13.99
54.52	6.94	4.99
57.52	1.94	-0.00
58.52	3.94	35.99
61.52	-3.05	31.99
66.52	11.94	-7.00
66.52	-0.05	10.99
67.52	11.94	-3.00
67.52	-1.05	12.99
69.52	3.94	-16.00
70.52	5.94	13.99
72.52	-16.05	-14.00
72.52	-18.05	22.99
71.52	-15.05	0.99
77.52	10.94	-12.00
71.52	-30.05	16.99
72.52	21.94	-18.00
72.52	21.94	-6.00
72.52	-16.05	7.99
75.52	-4.05	13.99
75.52	-14.05	-3.00
74.52	11.94	4.99
72.52	-12.05	2.99
77.52	9.94	-14.00
78.52	17.94	1.99
80.52	2.94	-23.00
74.52	-7.05	16.99
75.52	-24.05	-14.00
74.52	-2.05	5.99
74.52	6.94	12.99
74.52	-8.05	-23.00
73.52	-1.05	29.99
74.52	-4.05	-6.00
76.52	1.94	4.99
76.52	21.94	15.99
78.52	-11.05	-10.00
80.52	11.94	-1.00
81.52	2.94	16.99
82.52	-5.05	-3.00
84.52	1.94	32.99
85.52	-7.05	-3.00
86.52	-0.05	-1.00
87.52	-13.05	23.99
88.52	38.94	-0.00
90.52	7.94	2.99
90.52	18.94	7.99
94.52	-18.05	18.99
94.52	6.94	-3.00
94.52	-7.05	11.99
96.52	-8.05	4.99
98.52	-13.05	5.99
100.52	-19.05	10.99
101.52	-1.05	17.99
102.52	-2.05	-3.00
105.52	-2.05	17.99
106.52	-15.05	-11.00
106.52	-13.05	4.99
106.52	-11.05	-29.00
103.52	-4.05	2.99
102.52	-18.05	-5.00
102.52	-3.05	-14.00
103.52	5.94	4.99
101.52	-11.05	-0.00
103.52	-9.05	2.99
100.52	-5.05	-6.00
100.52	1.94	-11.00
102.52	-0.05	-0.00
101.52	-22.05	-22.00
100.52	-8.05	-0.00
99.52	0.94	-2.00
98.52	-31.05	-15.00
100.52	14.94	20.99
100.52	19.94	-7.00
100.52	5.94	-17.00
98.52	2.94	28.99
99.52	38.94	2.99
101.52	-9.05	-9.00
100.52	-1.05	18.99
101.52	14.94	11.99
103.52	-2.05	-12.00
101.52	5.94	17.99
101.52	-18.05	-1.00
100.52	-4.05	-16.00
102.52	-10.05	8.99
101.52	-25.05	1.99
101.52	-6.05	-14.00
100.52	-16.05	-18.00
98.52	4.94	2.99
99.52	-22.05	-7.00
97.52	-10.05	-20.00
96.52	-16.05	-8.00
91.52	-14.05	-23.00
89.52	-0.05	-13.00
87.52	-13.05	-29.00
