-0.27	-0.06	0.85
0.72	-1.06	-0.14
-0.27	1.93	-2.14
0.72	2.93	4.85
2.72	-1.06	12.85
6.72	-8.06	19.85
8.72	-2.06	15.85
11.72	-8.06	7.85
12.72	-5.06	8.85
16.72	-6.06	18.85
20.72	-4.06	8.85
21.72	-5.06	7.85
27.72	-4.06	14.85
31.72	2.93	8.85
33.72	6.93	3.85
39.72	4.93	9.85
43.72	0.93	13.85
48.72	-3.06	17.85
53.72	0.93	22.85
59.72	4.93	26.85
64.72	5.93	29.85
66.72	-4.06	30.85
72.72	0.93	37.85
80.72	-10.06	33.85
84.72	-31.06	21.85
92.72	-23.06	25.85
98.72	-11.06	7.85
100.72	-5.06	20.85
119.72	-6.06	23.85
111.72	-7.06	15.85
118.72	8.93	25.85
123.72	18.93	44.85
128.72	31.93	45.85
131.72	-71.06	36.85
135.72	-102.06	25.85
141.72	31.93	-39.14
146.72	18.93	58.85
150.72	66.93	7.85
156.72	54.93	24.85
158.72	-38.06	77.85
163.72	-65.06	43.85
166.72	41.93	-63.14
174.72	104.93	-5.14
183.72	-82.06	17.85
190.72	-16.06	-34.14
195.72	-26.06	45.85
200.72	18.93	-5.14
206.72	-69.06	100.85
215.72	17.93	-54.14
221.72	26.93	78.85
229.72	55.93	4.85
234.72	26.93	163.85
241.72	-163.06	111.85
244.72	-12.06	1.85
249.72	-33.06	-28.14
252.72	6.93	44.85
258.72	-192.06	57.85
268.72	61.93	-56.14
276.72	33.93	54.85
282.72	26.93	40.85
287.72	-55.06	9.85
292.72	-63.06	102.85
297.72	-16.06	31.85
303.72	-67.06	-23.14
308.72	23.93	61.85
320.72	-35.06	-49.14
330.72	-17.06	28.85
339.72	-20.06	62.85
348.72	-26.06	24.85
354.72	-50.06	135.85
361.72	-107.06	78.85
365.72	-46.06	15.85
369.72	-34.06	97.85
372.72	-8.06	53.85
376.72	-20.06	48.85
380.72	25.93	41.85
382.72	-65.06	92.85
388.72	-199.06	64.85
398.72	-119.06	-47.14
405.72	-70.06	39.85
408.72	-4.06	0.85
413.72	53.93	26.85
420.72	8.93	28.85
426.72	-23.06	78.85
434.72	-142.06	65.85
443.72	-151.06	19.85
451.72	-99.06	33.85
453.72	-80.06	14.85
454.72	-27.06	2.85
458.72	8.93	60.85
459.72	44.93	44.85
463.72	45.93	130.85
466.72	-35.06	146.85
466.72	-252.06	83.85
482.72	-264.06	61.85
483.72	-40.06	-68.14
493.72	76.93	15.85
489.72	53.93	112.85
490.72	47.93	-25.14
493.72	-87.06	74.85
497.72	-251.06	196.85
497.72	-184.06	-78.14
497.72	-76.06	-4.14
497.72	59.93	54.85
497.72	84.93	17.85
497.72	1.93	-3.14
497.72	-245.06	177.85
497.72	-196.06	115.85
497.72	-117.06	-12.14
498.72	-27.06	59.85
497.72	-60.06	21.85
498.72	4.93	-15.14
496.72	-74.06	72.85
497.72	-131.06	85.85
497.72	-243.06	124.85
497.72	-144.06	11.85
497.72	-63.06	19.85
498.72	-24.06	80.85
498.72	-8.06	78.85
498.72	-85.06	109.85
498.72	-184.06	141.85
498.72	-194.06	53.85
498.72	-110.06	-18.14
498.72	-94.06	175.85
498.72	-61.06	23.85
498.72	-149.06	69.85
498.72	-100.06	51.85
499.72	-81.06	65.85
