0
0
0
1
2
4
6
9
13
18
23
28
35
41
49
58
66
75
85
95
106
118
131
142
155
170
183
198
214
230
246
6
22
40
57
75
93
111
131
150
170
190
212
234
255
21
42
65
87
110
134
157
181
205
230
1
26
51
76
103
130
156
182
211
239
11
38
67
94
124
154
182
212
243
17
46
76
107
138
169
202
234
9
41
72
104
136
169
203
237
14
45
78
113
146
181
215
251
28
62
97
132
167
202
238
18
53
89
124
161
197
234
13
49
85
122
159
196
235
15
53
90
129
166
204
243
24
61
100
138
177
217
1
39
76
115
154
193
231
14
53
92
132
171
212
252
36
74
114
154
195
236
20
59
100
139
179
220
5
45
86
129
170
212
254
39
78
121
162
204
246
30
71
113
155
197
239
25
66
107
148
190
234
19
61
103
146
189
233
18
59
101
143
186
229
15
58
100
142
186
229
17
59
102
143
188
231
19
60
103
147
191
235
22
66
109
151
195
239
27
70
113
156
199
244
31
75
119
163
207
252
40
83
126
170
214
3
45
90
134
179
223
12
54
99
142
188
233
21
66
109
154
199
244
33
76
