0
0
0
0
0
2
5
8
12
17
22
28
35
42
50
59
68
77
87
99
110
122
134
147
161
174
189
204
219
235
251
11
27
45
63
82
101
121
140
161
181
203
225
246
12
35
58
81
105
129
153
178
203
228
254
23
49
75
102
129
156
183
212
239
11
39
69
99
127
158
188
219
250
23
52
83
114
146
178
210
242
18
50
83
117
150
183
218
252
28
62
97
132
166
202
237
17
51
85
122
157
193
229
9
44
81
117
154
190
228
9
44
82
119
157
195
234
14
52
91
130
167
206
245
28
67
106
145
185
223
7
46
86
125
164
204
245
28
67
108
148
189
229
14
53
93
134
175
217
2
41
83
124
164
205
247
33
75
115
157
199
242
26
67
109
151
194
236
22
65
107
149
191
235
20
61
105
147
189
233
19
60
103
146
188
231
19
61
103
146
190
234
19
60
105
147
190
235
21
63
107
150
194
237
23
67
111
154
198
243
30
73
117
161
205
250
38
81
125
170
214
2
45
90
134
180
225
12
54
99
143
188
233
21
66
109
154
198
243
31
76
121
166
211
1
44
89
133
178
223
12
57
102
147
193
238
