-200.28	208.014	354.953
-200.28	208.014	354.902
-200.28	208.014	354.794
-200.26	207.966	354.405
-200.26	207.966	354.405
-200.28	208.014	355.356
-200.28	208.014	355.259
-1834.97	1906.33	355.491
-1835.9	1906.8	355.375
-1835.9	1906.8	354.609
-1836.15	1907.24	355.527
-1835.72	1906.36	355.468
-1835.9	1906.8	353.697
-1835.9	1906.8	355.434
-1835.9	1906.8	355.357
-1835.72	1906.36	354.81
-1835.72	1906.36	355.282
-1835.72	1906.36	355.282
-1834.97	1906.33	356.004
-1835.9	1906.8	354.747
-1835.9	1906.8	355.301
-1835.97	1906.8	355.864
-1835.72	1906.36	355.371
-1835.88	1907.23	355.181
-1835.72	1906.36	354.582
-1835.9	1906.8	354.145
-1835.9	1906.8	354.768
-1834.97	1906.33	354.917
-1836.15	1907.24	353.77
-1835.72	1906.36	354.49
-1835.9	1906.8	354.76
-1835.9	1906.8	354.76
-1835.9	1906.8	354.913
-1835.25	1906.18	354.382
-1835.45	1906.64	354.607
-1835.61	1905.94	355.572
-1833.43	1905.05	355.351
-1831.24	1903.06	354.49
-1824.72	1900.52	354.737
-1819.89	1897.51	354.445
-1800.1	1883.26	354.547
-1787.92	1877.03	356.755
-1773.07	1868.03	359.827
-1760.86	1858.95	4.45536
-1746.75	1849.07	5.46931
-1733.62	1838.69	6.6041
-1709.56	1814.63	10.9397
-1699.35	1803.08	12.5503
-1689.45	1791.64	13.3206
-1681.88	1778.24	15.0983
-1671.04	1755.48	16.2417
-1668.41	1744.2	17.8756
-1667.04	1738.72	18.4544
-1664.53	1730.57	18.6159
-1663.54	1725.83	17.7927
-1660.51	1715.14	16.731
-1659.37	1709.42	14.8681
-1660.21	1706.71	15.807
-1660.02	1702.25	16.1294
-1660.56	1699.27	15.8191
-1660.3	1690.07	12.5786
-1659.04	1685.16	11.6536
-1659.61	1681.89	9.71369
-1657.68	1676.31	9.57188
-1658.86	1671.37	7.8525
-1650.39	1657.54	8.25533
-1645.86	1650.01	7.91426
-1639.42	1641.67	7.48506
-1632.63	1632.45	7.96577
-1626.66	1622.02	9.7489
-1615.69	1599.9	10.527
-1608.68	1589.18	8.16979
-1605.33	1576.2	7.99443
-1601.21	1568.57	7.26907
-1600.84	1560.43	8.04192
-1598.33	1548.16	6.82943
-1598.33	1545.49	5.27879
-1596	1541.17	4.123
-1595.33	1540.82	2.86706
-1594.52	1536.26	1.80513
-1591.95	1529.69	0.892294
-1590.62	1524.08	2.33361
-1590.48	1521.5	2.93634
-1592.28	1519.94	4.94345
-1593.54	1518.52	5.76819
-1597.08	1514.81	6.59505
-1597.41	1512.42	7.20701
-1597.49	1512.45	6.99208
-1596.64	1511.19	7.44108
-1595.98	1510.07	7.8366
-1595.98	1510.07	8.75311
-1595.47	1507.71	9.7751
-1594.91	1506.09	9.58557
-1596.13	1504.47	8.90902
-1594.74	1500.26	9.37332
-1595.03	1499.69	9.23983
-1595.55	1498.7	8.9815
-1593.87	1494.89	7.13653
-1593.05	1494.17	7.8026
-1593.07	1493.03	7.72579
-1593.13	1494	7.56127
-1593.01	1494.25	8.89809
-1593.09	1494.86	8.33765
-1592.76	1494.12	7.28905
-1592.79	1493.66	7.48177
-1593.11	1494.49	8.01115
-1592.75	1493.13	7.24139
-1593.1	1493.46	7.31236
-1592.76	1494.12	8.13129
-1593.08	1493.95	7.27338
-1593.13	1493.88	8.20681
-1592.75	1493.13	7.7219
-1592.73	1493.59	8.2539
-1592.64	1494.5	7.01989
-1592.76	1494.12	8.37661
-1592.64	1494.5	7.11149
-1592.76	1494.12	8.26045
-1592.76	1494.12	7.65746
-1592.76	1494.12	7.24257
-1593.48	1494.23	7.59351
-1592.6	1493.71	7.92657
-1593.11	1494.49	7.80466
-1593.08	1493.95	7.97887
-1593.11	1494.49	8.15784
-1593.11	1494.49	7.74065
-1593.13	1494	8.02263
-1592.79	1493.66	8.04218
-1592.76	1494.12	6.95739
-1592.79	1493.66	6.9068
-1593.11	1494.49	8.13002
-1593.11	1494.49	8.13002
-1592.95	1493.94	7.79999
-1592.76	1494.12	8.23413
-1592.75	1493.13	8.59935
-1593.15	1494.4	6.89425
-1593.08	1493.95	7.40573
