-308.259	192.037	1.69409
-308.31	192.075	1.95468
-308.253	192.09	1.53147
-308.241	192.035	1.6117
-308.266	192.129	1.3957
-308.335	192.078	1.71061
-2826.08	1760.15	1.55048
-2825.54	1760.32	1.92601
-2825.71	1760.34	1.58003
-2826.11	1760.22	2.02959
-2825.71	1760.34	1.70537
-2825.71	1760.34	2.26443
-2826.08	1760.15	1.61132
-2825.6	1759.8	1.71961
-2825.6	1759.8	2.08659
-2825.6	1759.8	1.88614
-2826.27	1760.23	1.93537
-2826.27	1760.23	2.35298
-2825.54	1760.32	1.71628
-2826.17	1760.69	2.21582
-2825.71	1760.34	1.92284
-2825.83	1760.84	1.28348
-2825.6	1759.8	1.59186
-2825.54	1760.32	2.51825
-2825.71	1760.34	1.67939
-2826.07	1760.69	1.64308
-2826.1	1761.19	1.9566
-2826.41	1760.71	1.61924
-2825.6	1759.8	1.80483
-2826.08	1760.15	1.15249
-2825.54	1760.32	2.07858
-2826.22	1760.68	1.88303
-2825.71	1760.34	2.04615
-2825.6	1759.8	1.32287
-2826.73	1760.57	1.50478
-2825.61	1761.35	1.74153
-2826.27	1760.23	1.67563
-2825.71	1760.34	2.17415
-2826.18	1759.71	2.15919
-2826.07	1760.69	2.54964
-2825.54	1760.32	1.6469
-2825.6	1759.8	1.83942
-2825.71	1760.34	1.79751
-2825.71	1760.34	2.25974
-2825.54	1760.32	1.65091
-2826.08	1760.15	2.11718
-2826.18	1759.71	2.03696
-2825.54	1760.32	1.63644
-2825.71	1760.34	2.06057
-2826.18	1759.71	1.94367
-2825.71	1760.34	1.81948
-2826.73	1760.57	2.01483
-2825.71	1760.34	2.49477
-2825.6	1759.8	2.07661
-2825.83	1760.84	1.53333
-2825.6	1759.8	1.67009
-2826.08	1760.15	1.93257
-2826	1760.68	1.76309
-2826.18	1759.71	2.26885
-2825.54	1760.32	1.60597
-2826.66	1760.05	1.88976
-2826.18	1759.71	1.72561
-2826.27	1760.23	1.53482
-2825.71	1760.34	2.37227
-2826.17	1760.69	2.12854
-2826.18	1759.71	2.10215
-2826.73	1760.57	2.14174
-2825.71	1760.34	1.74065
-2826.08	1760.15	1.66174
-2826.27	1760.23	1.30936
-2825.71	1760.34	1.89771
-2825.71	1760.34	1.62289
-2826.17	1760.69	2.27073
-2825.71	1760.34	1.64375
-2825.37	1760.28	0.903162
-2819.13	1758.68	358.554
-2814.52	1758.58	357.285
-2805.78	1758.18	355.655
-2792.16	1756.12	352.749
-2751.98	1752.99	349.566
-2724.3	1750.3	348.533
-2693.7	1748.28	348.676
-2658.71	1746.23	347.492
-2618.59	1745.04	347.804
-2532.52	1742.39	345.943
-2486.5	1745.03	346.28
-2438.21	1744.11	347.219
-2390.14	1744.04	348.573
-2342.08	1744.68	349.019
-2248.04	1744.85	352.223
-2202.67	1744.05	352.026
-2161.23	1742.46	352.305
-2121.31	1741.68	354.587
-2083.91	1739.09	357.127
-2017.23	1735.46	359.228
-2017.23	1735.46	359.228
-1960.3	1730.16	359.47
-1934.16	1727.36	0.312988
-1911.82	1723.94	358.916
-1873.18	1720.38	356.063
-1856.48	1716.83	353.589
-1839.7	1714.25	353.103
-1823.88	1713.35	352.845
-1808.73	1710.64	351.233
-1774.89	1707.67	350.856
-1756.47	1704.82	350.47
-1734.53	1701.64	352.546
-1710.78	1698.94	352.792
-1685.43	1696.41	353.395
-1657.67	1690.78	352.946
-1594.46	1680.8	353.673
-1559.77	1675.6	355.121
-1524.28	1669.68	355.33
-1488.46	1663.31	355.006
-1413.49	1650.99	356.886
-1375.86	1643.65	355.271
-1338.58	1637.64	358.739
-1302.18	1631.29	358.192
-1267.07	1624.26	0.0998645
-1199.61	1611.13	1.99182
-1165.74	1602.71	1.56669
-1140.17	1598.4	3.05305
-1115.28	1592.1	4.79504
-1092.39	1590.23	6.85005
-1052.31	1581.82	8.09501
-1033.35	1577.81	8.56417
-1017.2	1573.02	7.32559
-1005.02	1572.04	8.19763
-988.427	1567.44	6.54307
-984.388	1566.86	6.74081
-984.105	1568.42	5.85587
-984.626	1568.49	6.12533
-984.453	1568.1	6.00831
-984.626	1568.49	5.48905
-984.626	1568.49	7.48227
-984.561	1568	5.88461
-984.561	1568	6.63443
-984.626	1568.49	5.85645
-984.626	1568.49	5.39659
-984.561	1568	6.43541
-984.561	1568	6.10646
-984.626	1568.49	5.63122
-984.561	1568	6.01362
-984.626	1568.49	5.35296
-984.561	1568	5.65178
-984.626	1568.49	5.52213
-984.386	1567.61	5.82255
-984.453	1568.1	4.2329
-984.561	1568	5.86201
-984.626	1568.49	6.86351
-984.189	1567.24	5.28215
-984.626	1568.49	7.43789
-984.626	1568.49	5.94132
-984.626	1568.49	6.15948
