72
80
92
103
112
120
125
129
133
136
138
139
141
141
143
144
145
146
147
146
147
146
147
146
146
148
148
149
148
148
147
147
147
147
147
148
148
149
149
147
147
148
147
147
147
148
149
150
147
147
148
148
147
147
148
148
149
148
148
147
148
147
148
147
148
148
148
149
147
148
147
147
148
147
148
148
149
148
148
147
148
147
146
148
149
148
148
149
147
147
148
147
148
147
148
149
148
149
147
148
147
148
147
148
148
149
148
148
147
148
147
148
148
148
148
148
149
148
147
148
148
147
148
149
150
146
149
147
148
148
147
147
148
149
148
148
149
147
147
147
147
148
148
148
148
149
147
148
148
147
147
148
147
149
149
148
148
148
147
150
144
148
148
148
149
148
148
147
147
149
146
148
148
149
149
148
147
147
148
147
147
148
150
148
148
148
148
147
147
147
148
149
148
149
148
148
147
148
147
148
147
149
148
149
148
148
147
147
148
146
148
149
149
148
148
148
147
147
148
147
148
149
148
148
148
148
148
147
147
147
149
150
147
148
148
148
147
146
147
148
148
149
148
148
148
147
148
147
147
148
149
149
148
148
149
146
