147
141
127
117
108
101
96
92
88
85
82
81
79
77
77
75
75
74
74
75
72
73
73
73
73
72
73
73
73
73
73
73
73
73
72
73
72
72
72
72
72
72
72
73
72
73
73
73
72
73
73
73
73
72
73
72
72
73
72
72
72
73
71
73
72
73
73
73
73
73
72
73
73
72
72
73
72
72
72
72
72
73
72
72
72
73
73
73
73
72
73
72
73
73
72
73
72
72
72
72
73
71
73
72
73
73
73
72
73
73
73
73
72
72
73
72
72
73
72
72
72
72
72
73
73
72
73
73
73
73
72
73
72
73
72
73
72
72
72
72
72
72
72
73
72
73
73
73
73
73
73
72
73
72
73
72
72
72
72
72
72
72
72
73
73
72
73
73
73
73
73
72
73
72
72
73
72
72
73
72
72
72
72
73
73
72
73
73
73
73
73
73
72
73
72
72
73
72
72
72
72
72
72
73
73
72
73
73
73
75
71
72
73
72
72
73
72
72
72
72
72
72
73
72
73
73
72
73
74
72
73
73
72
73
72
73
72
72
72
73
72
72
72
73
72
73
74
72
73
73
73
73
72
72
72
73
