51
58
71
81
90
96
101
105
111
110
114
116
118
120
122
122
123
123
125
124
126
126
126
128
128
129
130
130
130
131
130
132
131
132
133
134
134
134
135
135
134
136
135
136
137
136
138
138
138
138
139
138
139
140
139
140
140
141
142
141
141
141
141
142
142
142
143
143
145
143
144
144
143
144
144
144
146
145
146
146
146
146
145
147
145
147
147
148
148
147
148
147
147
148
148
148
149
149
150
148
149
149
149
149
148
150
150
152
150
151
150
149
151
150
151
151
152
152
152
151
151
151
152
151
152
153
153
153
153
152
152
152
153
152
154
153
154
153
153
153
153
154
153
154
154
155
154
154
154
154
154
154
155
154
156
155
155
154
156
154
154
155
155
156
158
154
155
155
155
156
154
156
157
156
156
156
155
156
155
156
156
157
159
155
156
157
156
156
156
157
157
157
157
157
157
157
156
156
157
157
158
158
157
157
158
155
157
158
157
159
157
159
157
157
158
157
157
159
158
158
159
158
157
158
157
157
158
159
159
158
159
157
158
158
158
159
157
160
158
158
158
159
157
159
158
159
160
158
160
158
158
158
159
158
159
160
