0	579	0	0
0	995	0	0
0	1061	0	0
0	1072	0	0
0	1061	0	0
0	1072	0	0
0	1091	0	0
0	1108	0	0
0	1095	0	0
0	1077	0	0
0	1011	0	0
0	863	0	0
0	722	0	0
0	563	0	0
0	388	0	0
0	225	0	0
0	65	0	0
0	568	0	0
0	975	0	0
0	1055	0	0
0	1000	0	0
0	840	0	0
0	654	0	0
0	462	0	0
0	733	0	0
0	1009	0	0
0	1063	0	0
0	1083	0	0
0	1074	0	0
0	1070	0	0
0	1008	0	0
0	995	0	0
0	1053	0	0
0	1049	0	0
0	978	0	0
0	832	0	0
0	687	0	0
0	835	0	0
0	884	0	0
0	701	0	0
0	822	0	0
0	1024	0	0
0	1071	0	0
0	1089	0	0
0	1076	0	0
0	995	0	0
0	846	0	0
0	704	0	0
0	844	0	0
0	1015	0	0
0	942	0	0
0	780	0	0
0	877	0	0
0	1037	0	0
0	1070	0	0
0	1063	0	0
0	1076	0	0
0	1015	0	0
0	994	0	0
0	953	0	0
0	941	0	0
0	1035	0	0
0	985	0	0
0	842	0	0
0	904	0	0
0	909	0	0
0	918	0	0
0	1039	0	0
0	990	0	0
0	845	0	0
0	889	0	0
0	898	0	0
0	732	0	0
0	853	0	0
0	919	0	0
0	771	0	0
0	865	0	0
0	875	0	0
0	721	0	0
0	580	0	0
0	449	0	0
0	318	0	0
0	193	0	0
0	78	0	0
0	-1	0	0
0	0	0	0
0	579	0	0
0	820	0	0
0	646	0	0
0	468	0	0
0	293	0	0
0	160	0	0
0	45	0	0
0	580	0	0
0	835	0	0
0	695	0	0
0	836	0	0
0	893	0	0
0	694	0	0
0	539	0	0
0	768	0	0
0	891	0	0
0	747	0	0
0	607	0	0
0	441	0	0
0	275	0	0
0	648	0	0
0	982	0	0
0	962	0	0
0	818	0	0
0	894	0	0
0	917	0	0
0	724	0	0
0	846	0	0
0	1031	0	0
0	987	0	0
0	977	0	0
0	932	0	0
0	746	0	0
0	607	0	0
0	470	0	0
0	744	0	0
0	880	0	0
0	728	0	0
0	833	0	0
0	894	0	0
0	927	0	0
0	943	0	0
0	958	0	0
0	929	0	0
0	746	0	0
0	583	0	0
0	452	0	0
0	735	0	0
0	1017	0	0
0	1061	0	0
0	1058	0	0
0	984	0	0
0	983	0	0
0	965	0	0
0	966	0	0
0	1033	0	0
0	1052	0	0
0	996	0	0
0	987	0	0
0	957	0	0
0	939	0	0
0	1033	0	0
0	985	0	0
0	982	0	0
0	1054	0	0
0	968	0	0
0	951	0	0
0	1049	0	0
0	998	0	0
0	849	0	0
0	687	0	0
0	487	0	0
0	318	0	0
0	187	0	0
0	73	0	0
0	-3	0	0
0	577	0	0
0	989	0	0
0	967	0	0
0	818	0	0
0	643	0	0
0	476	0	0
0	291	0	0
0	659	0	0
0	1001	0	0
0	970	0	0
0	970	0	0
0	1034	0	0
0	956	0	0
0	806	0	0
0	890	0	0
0	1040	0	0
0	972	0	0
0	791	0	0
0	622	0	0
0	490	0	0
0	749	0	0
0	883	0	0
0	924	0	0
0	916	0	0
0	924	0	0
0	1044	0	0
0	995	0	0
0	985	0	0
0	937	0	0
0	934	0	0
0	1047	0	0
0	1080	0	0
0	1021	0	0
0	856	0	0
0	665	0	0
0	820	0	0
0	1028	0	0
0	986	0	0
0	982	0	0
0	1036	0	0
0	1055	0	0
0	1085	0	0
0	1109	0	0
0	1115	0	0
0	1010	0	0
0	850	0	0
0	711	0	0
0	847	0	0
0	923	0	0
0	751	0	0
0	577	0	0
0	767	0	0
0	1017	0	0
0	1071	0	0
0	1094	0	0
0	1006	0	0
0	824	0	0
0	897	0	0
0	1042	0	0
0	1081	0	0
0	1078	0	0
0	984	0	0
0	977	0	0
0	1056	0	0
0	1001	0	0
0	976	0	0
0	1034	0	0
0	985	0	0
0	984	0	0
0	968	0	0
0	794	0	0
0	622	0	0
0	442	0	0
0	308	0	0
0	188	0	0
0	70	0	0
0	587	0	0
0	838	0	0
0	906	0	0
0	930	0	0
0	737	0	0
0	573	0	0
0	437	0	0
0	730	0	0
0	882	0	0
0	927	0	0
0	1032	0	0
0	954	0	0
0	960	0	0
0	956	0	0
0	964	0	0
0	949	0	0
0	937	0	0
0	939	0	0
0	797	0	0
0	658	0	0
0	825	0	0
0	1014	0	0
0	1044	0	0
0	1073	0	0
0	1097	0	0
0	1035	0	0
0	995	0	0
0	1038	0	0
0	1073	0	0
0	1100	0	0
0	1035	0	0
0	859	0	0
0	891	0	0
0	927	0	0
0	782	0	0
0	882	0	0
0	923	0	0
0	926	0	0
0	1036	0	0
0	991	0	0
0	845	0	0
0	709	0	0
0	547	0	0
0	378	0	0
0	689	0	0
0	844	0	0
0	704	0	0
0	846	0	0
0	1032	0	0
0	976	0	0
0	784	0	0
0	877	0	0
0	934	0	0
0	789	0	0
0	654	0	0
0	810	0	0
0	878	0	0
0	910	0	0
0	939	0	0
0	799	0	0
0	657	0	0
0	820	0	0
0	1004	0	0
0	960	0	0
0	967	0	0
0	1053	0	0
0	989	0	0
0	966	0	0
0	1041	0	0
0	1077	0	0
0	1020	0	0
0	870	0	0
0	686	0	0
0	509	0	0
0	372	0	0
0	246	0	0
0	658	0	0
0	1001	0	0
0	1064	0	0
0	1073	0	0
0	982	0	0
0	831	0	0
0	690	0	0
0	841	0	0
0	1027	0	0
0	1043	0	0
0	974	0	0
0	978	0	0
0	1059	0	0
0	1083	0	0
0	1078	0	0
0	1082	0	0
0	1104	0	0
0	1121	0	0
0	1039	0	0
0	847	0	0
0	904	0	0
0	937	0	0
0	794	0	0
0	658	0	0
0	494	0	0
0	740	0	0
0	1000	0	0
0	972	0	0
0	829	0	0
0	690	0	0
0	833	0	0
0	879	0	0
0	915	0	0
0	1044	0	0
0	995	0	0
0	987	0	0
0	1040	0	0
0	1058	0	0
0	1002	0	0
0	992	0	0
0	964	0	0
0	792	0	0
0	610	0	0
0	472	0	0
0	744	0	0
0	1014	0	0
0	982	0	0
0	966	0	0
0	926	0	0
0	942	0	0
0	949	0	0
0	963	0	0
0	1052	0	0
0	960	0	0
0	802	0	0
0	891	0	0
0	1040	0	0
0	1078	0	0
0	1075	0	0
0	986	0	0
0	842	0	0
0	910	0	0
0	940	0	0
0	942	0	0
0	1028	0	0
0	982	0	0
0	983	0	0
0	1062	0	0
0	982	0	0
0	801	0	0
0	883	0	0
0	930	0	0
0	791	0	0
0	650	0	0
0	502	0	0
0	319	0	0
0	649	0	0
0	844	0	0
0	702	0	0
0	569	0	0
0	785	0	0
0	897	0	0
0	725	0	0
0	835	0	0
0	908	0	0
0	765	0	0
0	877	0	0
0	1036	0	0
0	958	0	0
0	786	0	0
0	644	0	0
0	514	0	0
0	386	0	0
0	260	0	0
0	662	0	0
0	852	0	0
0	893	0	0
0	1021	0	0
0	981	0	0
0	838	0	0
0	698	0	0
0	836	0	0
0	873	0	0
0	913	0	0
0	940	0	0
0	799	0	0
0	890	0	0
0	1025	0	0
0	1048	0	0
0	993	0	0
0	988	0	0
0	1060	0	0
0	986	0	0
0	802	0	0
0	885	0	0
0	1040	0	0
0	1081	0	0
0	1002	0	0
0	818	0	0
0	652	0	0
0	822	0	0
0	910	0	0
0	940	0	0
0	1040	0	0
0	1050	0	0
0	1081	0	0
0	1106	0	0
0	1121	0	0
0	1024	0	0
0	986	0	0
0	966	0	0
0	974	0	0
0	961	0	0
0	798	0	0
0	608	0	0
0	797	0	0
0	904	0	0
0	938	0	0
0	1050	0	0
0	1060	0	0
0	974	0	0
0	973	0	0
0	1060	0	0
0	1006	0	0
0	978	0	0
0	939	0	0
0	952	0	0
0	1053	0	0
0	1003	0	0
0	831	0	0
0	657	0	0
0	495	0	0
0	757	0	0
0	1017	0	0
0	982	0	0
0	828	0	0
0	875	0	0
0	1030	0	0
0	987	0	0
0	983	0	0
0	1053	0	0
0	971	0	0
0	958	0	0
0	958	0	0
0	968	0	0
0	957	0	0
0	779	0	0
0	595	0	0
0	457	0	0
0	327	0	0
0	689	0	0
0	1008	0	0
0	1068	0	0
0	983	0	0
0	961	0	0
0	959	0	0
0	816	0	0
0	900	0	0
0	1034	0	0
0	1047	0	0
0	1077	0	0
0	1021	0	0
0	1002	0	0
0	952	0	0
0	771	0	0
0	862	0	0
0	1034	0	0
0	994	0	0
0	984	0	0
0	932	0	0
0	942	0	0
0	950	0	0
0	809	0	0
0	895	0	0
0	909	0	0
0	731	0	0
0	845	0	0
0	1032	0	0
0	1080	0	0
0	1018	0	0
0	833	0	0
0	667	0	0
0	532	0	0
0	404	0	0
0	720	0	0
0	1015	0	0
0	1060	0	0
0	1065	0	0
0	1081	0	0
0	1022	0	0
0	881	0	0
0	924	0	0
0	1022	0	0
0	1065	0	0
0	1013	0	0
0	870	0	0
0	912	0	0
0	1026	0	0
0	964	0	0
0	971	0	0
0	1059	0	0
0	1087	0	0
0	1074	0	0
0	1003	0	0
0	991	0	0
0	969	0	0
0	818	0	0
0	648	0	0
0	800	0	0
0	894	0	0
0	932	0	0
0	950	0	0
0	959	0	0
0	918	0	0
0	932	0	0
0	1049	0	0
0	999	0	0
0	985	0	0
0	1042	0	0
0	1060	0	0
0	1091	0	0
0	1115	0	0
0	1043	0	0
0	852	0	0
0	699	0	0
0	562	0	0
0	783	0	0
0	894	0	0
0	753	0	0
0	849	0	0
0	1011	0	0
0	1063	0	0
0	1010	0	0
0	993	0	0
0	952	0	0
0	767	0	0
0	624	0	0
0	811	0	0
0	1025	0	0
0	1073	0	0
0	985	0	0
0	958	0	0
0	958	0	0
0	968	0	0
0	1056	0	0
0	1070	0	0
0	1073	0	0
0	1097	0	0
0	1038	0	0
0	1002	0	0
0	1044	0	0
0	968	0	0
0	971	0	0
0	965	0	0
0	820	0	0
0	886	0	0
0	901	0	0
0	756	0	0
0	622	0	0
0	490	0	0
0	755	0	0
0	883	0	0
0	711	0	0
0	534	0	0
0	378	0	0
0	710	0	0
0	876	0	0
0	929	0	0
0	942	0	0
0	763	0	0
0	852	0	0
0	917	0	0
0	947	0	0
0	957	0	0
0	952	0	0
0	1034	0	0
0	980	0	0
0	837	0	0
0	702	0	0
0	844	0	0
0	1013	0	0
0	1050	0	0
0	998	0	0
0	856	0	0
0	918	0	0
0	1029	0	0
0	1051	0	0
0	1082	0	0
0	1107	0	0
0	1123	0	0
0	1108	0	0
0	1023	0	0
0	1001	0	0
0	1065	0	0
0	1006	0	0
0	832	0	0
0	651	0	0
0	513	0	0
0	764	0	0
0	897	0	0
0	756	0	0
0	611	0	0
0	783	0	0
0	1013	0	0
0	979	0	0
0	981	0	0
0	968	0	0
0	796	0	0
0	865	0	0
0	1031	0	0
0	1078	0	0
0	1024	0	0
0	869	0	0
0	896	0	0
0	929	0	0
0	791	0	0
0	882	0	0
0	1037	0	0
0	1056	0	0
0	1061	0	0
0	1007	0	0
0	866	0	0
0	725	0	0
0	583	0	0
0	769	0	0
0	1011	0	0
0	980	0	0
0	981	0	0
0	1060	0	0
0	1063	0	0
0	977	0	0
0	977	0	0
0	1059	0	0
0	1006	0	0
0	834	0	0
0	654	0	0
0	822	0	0
0	1031	0	0
0	990	0	0
0	838	0	0
0	668	0	0
0	810	0	0
0	1026	0	0
0	1076	0	0
0	1102	0	0
0	1020	0	0
0	980	0	0
0	1058	0	0
0	1091	0	0
0	1111	0	0
0	1101	0	0
0	1010	0	0
0	994	0	0
0	974	0	0
0	828	0	0
0	892	0	0
0	909	0	0
0	764	0	0
0	876	0	0
0	932	0	0
0	948	0	0
0	926	0	0
0	747	0	0
0	611	0	0
0	481	0	0
0	353	0	0
0	234	0	0
0	653	0	0
0	1001	0	0
0	941	0	0
0	945	0	0
0	954	0	0
0	813	0	0
0	680	0	0
0	828	0	0
0	1013	0	0
0	955	0	0
0	814	0	0
0	899	0	0
0	938	0	0
0	947	0	0
0	1034	0	0
0	1075	0	0
0	1021	0	0
0	1000	0	0
0	948	0	0
0	767	0	0
0	870	0	0
0	931	0	0
0	956	0	0
0	1050	0	0
0	963	0	0
0	960	0	0
0	960	0	0
0	818	0	0
0	685	0	0
0	823	0	0
0	885	0	0
0	724	0	0
0	592	0	0
0	795	0	0
0	904	0	0
0	934	0	0
0	1024	0	0
0	974	0	0
0	833	0	0
0	907	0	0
0	1040	0	0
0	968	0	0
0	952	0	0
0	954	0	0
0	814	0	0
0	896	0	0
0	927	0	0
0	921	0	0
0	939	0	0
0	800	0	0
0	889	0	0
0	932	0	0
0	760	0	0
0	586	0	0
0	783	0	0
0	1023	0	0
0	990	0	0
0	843	0	0
0	681	0	0
0	485	0	0
0	741	0	0
0	1015	0	0
0	1073	0	0
0	1018	0	0
0	984	0	0
0	1038	0	0
0	992	0	0
0	988	0	0
0	1062	0	0
0	1071	0	0
0	1074	0	0
0	1017	0	0
0	876	0	0
0	740	0	0
0	584	0	0
0	421	0	0
0	707	0	0
0	848	0	0
0	913	0	0
0	1049	0	0
0	1084	0	0
0	990	0	0
0	829	0	0
0	904	0	0
0	944	0	0
0	959	0	0
0	931	0	0
0	934	0	0
0	1048	0	0
0	1086	0	0
0	1029	0	0
0	869	0	0
0	900	0	0
0	1041	0	0
0	1084	0	0
0	1030	0	0
0	994	0	0
0	1042	0	0
0	1079	0	0
0	1022	0	0
0	1000	0	0
0	1053	0	0
0	1063	0	0
0	1008	0	0
0	868	0	0
0	924	0	0
0	1031	0	0
0	958	0	0
0	806	0	0
0	892	0	0
0	1045	0	0
0	1079	0	0
0	981	0	0
0	973	0	0
0	966	0	0
0	975	0	0
0	956	0	0
0	947	0	0
0	1037	0	0
0	1082	0	0
0	1030	0	0
0	1002	0	0
0	1038	0	0
0	1071	0	0
0	1101	0	0
0	1044	0	0
0	1001	0	0
0	1045	0	0
0	987	0	0
0	847	0	0
0	911	0	0
0	935	0	0
0	929	0	0
0	934	0	0
0	793	0	0
0	662	0	0
0	828	0	0
0	907	0	0
0	736	0	0
0	839	0	0
0	1031	0	0
0	990	0	0
0	985	0	0
0	1047	0	0
0	964	0	0
0	819	0	0
0	687	0	0
0	841	0	0
0	918	0	0
0	745	0	0
0	569	0	0
0	402	0	0
0	720	0	0
0	1013	0	0
0	1075	0	0
0	1010	0	0
0	823	0	0
0	894	0	0
0	941	0	0
0	959	0	0
0	1052	0	0
0	1063	0	0
0	1069	0	0
0	1098	0	0
0	1042	0	0
0	893	0	0
0	911	0	0
0	923	0	0
0	948	0	0
0	954	0	0
0	818	0	0
0	881	0	0
0	1021	0	0
0	978	0	0
0	837	0	0
0	909	0	0
0	1043	0	0
0	956	0	0
0	799	0	0
0	888	0	0
0	935	0	0
0	957	0	0
0	932	0	0
0	934	0	0
0	949	0	0
0	963	0	0
0	963	0	0
0	814	0	0
0	871	0	0
0	1033	0	0
0	1080	0	0
0	1108	0	0
0	1111	0	0
0	1098	0	0
0	1028	0	0
0	886	0	0
0	933	0	0
0	1044	0	0
0	956	0	0
0	806	0	0
0	672	0	0
0	831	0	0
0	1031	0	0
0	967	0	0
0	953	0	0
0	953	0	0
0	966	0	0
0	1060	0	0
0	1080	0	0
0	1072	0	0
0	1014	0	0
0	875	0	0
0	930	0	0
0	1037	0	0
0	959	0	0
0	962	0	0
0	962	0	0
0	973	0	0
0	1053	0	0
0	963	0	0
0	965	0	0
0	964	0	0
0	825	0	0
0	898	0	0
0	1025	0	0
0	954	0	0
0	813	0	0
0	677	0	0
0	836	0	0
0	916	0	0
0	740	0	0
0	846	0	0
0	918	0	0
0	949	0	0
0	1055	0	0
0	1069	0	0
0	981	0	0
0	831	0	0
0	694	0	0
0	567	0	0
0	786	0	0
0	893	0	0
0	909	0	0
0	1039	0	0
0	1084	0	0
0	1109	0	0
0	1029	0	0
0	985	0	0
0	960	0	0
0	971	0	0
0	970	0	0
0	971	0	0
0	921	0	0
0	939	0	0
0	952	0	0
0	966	0	0
0	1052	0	0
0	1066	0	0
0	1078	0	0
0	1105	0	0
0	1125	0	0
0	1128	0	0
0	1103	0	0
0	1037	0	0
0	1010	0	0
0	981	0	0
0	816	0	0
0	647	0	0
0	476	0	0
0	349	0	0
0	698	0	0
0	870	0	0
0	923	0	0
0	937	0	0
0	933	0	0
0	942	0	0
0	803	0	0
0	891	0	0
0	939	0	0
0	940	0	0
0	1032	0	0
0	1077	0	0
0	1106	0	0
0	1043	0	0
0	870	0	0
0	696	0	0
0	840	0	0
0	922	0	0
0	949	0	0
0	946	0	0
0	943	0	0
0	1036	0	0
0	1080	0	0
0	1109	0	0
0	1040	0	0
0	987	0	0
0	1056	0	0
0	1091	0	0
0	1036	0	0
0	997	0	0
0	941	0	0
0	951	0	0
0	957	0	0
0	821	0	0
0	901	0	0
0	1023	0	0
0	964	0	0
0	972	0	0
0	1060	0	0
0	1091	0	0
0	1001	0	0
0	826	0	0
0	900	0	0
0	940	0	0
0	802	0	0
0	660	0	0
0	806	0	0
0	1015	0	0
0	1072	0	0
0	1019	0	0
0	875	0	0
0	702	0	0
0	827	0	0
