1
7
12
16
19
22
25
27
27
28
29
30
32
31
33
32
33
34
34
35
34
35
35
35
36
36
35
36
37
37
36
37
37
37
38
37
38
37
38
38
38
38
38
39
38
38
38
39
38
39
38
39
39
38
39
39
39
39
38
39
40
39
39
39
39
40
39
40
39
39
40
40
39
40
40
39
40
40
40
40
39
40
40
40
40
39
40
40
40
40
40
40
39
41
40
39
41
40
40
40
40
40
40
41
40
40
41
40
40
41
40
41
40
40
41
40
40
41
40
40
41
40
40
41
40
41
40
40
41
40
41
40
41
40
40
41
41
40
41
40
41
40
41
41
41
41
40
42
40
41
41
41
40
40
41
41
41
40
41
41
41
40
41
41
41
41
40
41
41
41
41
41
41
41
41
41
41
41
41
41
41
41
41
42
41
41
40
42
41
40
41
41
41
41
41
41
41
41
40
41
41
41
41
41
41
41
41
41
41
41
41
41
41
41
41
41
41
41
41
41
41
41
41
41
41
41
41
41
41
41
41
40
41
41
41
41
41
40
42
40
41
41
41
41
41
41
41
41
41
41
42
41
41
41
41
41
41
41
42
41
40
42
41
41
41
41
41
41
40
41
42
40
41
42
41
41
41
41
41
41
42
41
41
41
42
41
41
42
41
41
42
41
41
42
41
41
41
41
41
42
41
41
41
41
41
41
41
42
41
41
41
41
41
42
41
41
41
41
41
41
42
41
41
42
41
41
41
42
41
41
41
41
41
41
41
41
41
41
41
42
41
41
41
41
41
41
42
41
41
41
42
41
41
41
42
41
41
42
41
41
41
42
41
41
41
41
42
40
42
41
41
41
41
41
41
41
41
41
41
41
42
41
41
41
41
41
42
41
41
41
42
41
41
42
41
41
42
41
41
41
61
114
160
197
226
252
272
288
301
315
325
334
340
347
353
358
361
364
368
371
373
374
377
379
380
382
384
385
386
388
390
390
390
392
394
394
395
398
398
398
399
402
402
402
403
405
404
405
408
407
407
409
410
410
410
412
413
412
414
414
414
415
416
416
417
417
418
418
418
421
419
420
422
421
422
422
424
423
423
425
425
424
426
426
425
427
427
427
427
429
429
428
429
430
429
430
431
430
430
431
432
431
432
433
432
433
434
433
433
434
434
433
435
436
435
435
436
436
435
437
436
436
437
437
437
438
438
438
437
439
438
437
438
439
438
439
441
439
439
441
439
439
441
440
440
440
442
440
441
442
440
440
443
441
441
442
442
442
442
443
442
442
443
442
442
443
443
442
444
444
443
444
444
443
443
445
443
443
445
444
443
445
445
443
444
445
444
444
445
444
445
445
445
445
446
445
445
445
446
445
445
446
445
446
447
446
445
447
445
445
447
446
445
447
447
446
446
447
446
446
447
446
446
447
447
446
447
447
447
446
447
446
446
448
446
447
448
447
447
448
447
447
446
447
447
447
448
447
447
448
448
447
448
447
446
447
448
447
447
449
447
448
449
447
447
448
448
447
448
448
447
448
448
448
448
448
448
447
449
447
448
449
448
447
448
449
447
448
449
447
447
449
448
448
449
449
447
449
448
447
448
449
448
448
449
448
448
449
448
448
449
448
448
449
448
447
449
449
449
448
449
448
448
449
448
448
449
449
449
449
449
448
448
449
448
448
450
448
448
449
449
448
449
449
447
449
449
448
449
450
448
448
449
449
448
449
449
447
450
449
448
449
450
448
449
449
448
448
449
448
448
450
449
448
449
450
448
449
449
448
449
449
448
448
450
449
448
449
449
448
448
448
448
449
449
449
449
450
448
448
