517
516
516
518
516
517
517
516
517
516
516
515
512
511
509
506
504
504
503
504
504
501
501
498
496
498
498
497
500
499
498
499
497
499
499
495
494
494
492
491
491
490
491
492
492
492
491
487
488
489
487
486
486
485
487
487
487
488
488
486
486
486
485
485
483
483
482
483
482
481
480
480
478
477
476
475
475
473
473
471
468
468
467
464
462
462
460
461
460
456
456
455
453
452
455
451
450
454
450
449
449
450
448
447
446
444
443
450
450
448
449
449
447
449
452
453
453
455
452
452
450
448
451
450
449
449
451
450
450
453
450
448
447
447
450
457
461
461
462
463
460
465
468
468
467
469
467
469
471
469
471
473
471
472
474
471
470
469
467
465
464
462
461
465
465
463
462
461
458
458
462
462
462
466
465
464
464
466
467
466
463
462
463
462
461
463
461
463
466
464
463
464
467
470
471
469
466
466
469
469
469
471
473
476
479
479
480
478
475
475
476
473
472
472
473
475
477
476
475
475
476
478
480
478
479
481
479
479
481
479
479
480
476
476
474
471
471
469
468
468
468
467
465
465
463
461
463
462
464
466
464
464
464
465
463
465
463
461
460
464
466
470
472
473
472
474
476
478
479
476
475
476
473
472
474
471
473
474
472
470
470
467
466
467
464
464
468
468
466
466
466
464
463
462
461
462
462
459
459
459
461
463
462
464
466
465
467
470
471
469
468
467
464
462
463
464
468
472
471
469
469
468
470
473
473
472
474
476
477
480
481
482
483
481
480
480
478
475
475
474
474
475
473
471
472
471
469
472
473
470
474
476
474
475
476
472
472
470
467
471
472
469
471
471
470
469
472
471
469
470
470
474
476
476
474
474
473
472
475
474
473
476
475
473
474
472
471
470
468
466
466
465
464
463
461
462
461
460
459
459
458
461
463
462
458
458
457
455
454
456
454
457
460
457
455
457
456
454
457
456
454
458
462
463
463
466
467
465
465
466
470
471
469
467
467
466
466
469
470
474
477
477
478
477
476
476
476
474
471
472
471
470
473
474
474
475
475
475
475
475
473
476
476
474
473
470
469
472
472
469
470
472
472
472
474
473
473
473
471
472
470
467
466
467
464
467
470
469
469
470
468
468
470
472
475
476
474
473
473
471
473
475
473
472
473
472
470
470
469
466
468
469
471
473
470
469
468
465
465
468
470
472
476
475
473
474
475
476
477
476
473
475
476
474
477
480
479
481
480
478
478
475
474
475
474
472
473
474
471
473
475
471
474
477
478
481
481
478
477
476
474
474
473
470
473
477
475
475
476
473
471
472
472
474
475
473
474
474
474
476
479
480
480
480
480
480
480
479
477
478
476
474
474
471
469
472
468
467
466
465
465
465
465
462
462
463
461
463
462
464
467
464
462
462
465
468
468
467
466
469
472
473
476
479
480
479
480
479
480
479
477
475
475
474
472
471
469
471
474
471
471
470
468
471
475
473
471
472
471
469
470
471
472
477
476
474
473
471
469
473
473
471
474
475
476
475
476
477
475
474
471
475
475
473
471
472
472
474
477
476
475
478
478
481
483
482
482
482
478
479
478
476
475
476
474
475
473
470
469
468
465
465
469
468
467
469
467
464
466
466
467
467
464
466
465
468
470
472
470
469
470
468
467
468
470
470
470
470
468
467
467
465
465
463
461
463
462
464
465
465
463
467
467
466
465
466
464
464
465
464
461
463
462
460
460
458
461
464
461
459
458
458
460
465
466
464
467
470
467
470
474
474
475
475
471
470
470
468
468
468
470
471
474
471
470
471
469
469
469
471
473
474
472
470
474
475
475
474
476
477
479
477
478
481
481
477
479
479
478
477
477
477
480
479
477
479
477
476
477
477
478
480
478
478
482
483
482
482
482
481
481
480
478
479
478
476
475
475
473
472
471
472
474
473
474
475
473
471
471
471
468
467
466
465
468
471
471
469
470
469
468
471
472
475
478
477
475
477
474
473
475
472
472
474
474
471
473
473
474
473
471
471
471
471
469
471
469
469
469
467
469
473
474
475
479
478
475
477
477
478
476
474
472
475
475
473
475
474
474
478
480
479
477
476
478
478
478
476
477
479
478
478
477
475
474
477
475
475
474
472
473
471
470
469
470
470
473
475
472
470
471
468
469
469
469
472
476
474
474
475
474
473
473
472
472
472
471
472
476
477
478
482
482
483
485
482
482
481
478
477
476
475
474
475
473
473
473
471
470
470
470
470
474
476
476
476
474
472
473
472
470
472
473
475
477
478
476
478
480
479
479
479
478
478
476
475
477
478
475
478
480
479
477
478
477
475
474
472
475
477
476
475
474
0
