0.02	-0.06	-0.00
0.02	0.93	-0.00
0.02	-1.06	6.99
0.02	-16.06	2.99
2.02	-1.06	-5.00
5.02	3.93	0.99
7.02	-1.06	-33.00
10.02	-5.06	-15.00
11.02	-5.06	5.99
14.02	-9.06	-22.00
19.02	-2.06	-19.00
17.02	-4.06	-8.00
25.02	1.93	-9.00
27.02	-0.06	-22.00
21.02	2.93	-18.00
36.02	-1.06	-6.00
40.02	3.93	-12.00
46.02	4.93	-14.00
51.02	4.93	-17.00
56.02	7.93	-13.00
61.02	4.93	-20.00
63.02	-0.06	-27.00
69.02	-0.06	-24.00
74.02	-4.06	-17.00
80.02	-3.06	-16.00
88.02	-5.06	-19.00
95.02	-10.06	-15.00
101.02	-5.06	-20.00
106.02	-7.06	-19.00
115.02	-7.06	-37.00
122.02	-11.06	-21.00
132.02	-8.06	-13.00
135.02	-4.06	-20.00
141.02	1.93	-20.00
148.02	4.93	-28.00
155.02	-11.06	-27.00
159.02	-21.06	-25.00
166.02	-10.06	-31.00
173.02	-1.06	-35.00
180.02	23.93	-19.00
187.02	24.93	-30.00
195.02	-13.06	-46.00
202.02	-42.06	-33.00
208.02	-39.06	-26.00
213.02	-15.06	-23.00
222.02	15.93	-14.00
230.02	20.93	-35.00
239.02	-8.06	-45.00
242.02	-32.06	-29.00
246.02	-33.06	-24.00
251.02	20.93	-29.00
261.02	24.93	-41.00
268.02	-39.06	-18.00
275.02	-74.06	-13.00
281.02	-62.06	-37.00
285.02	70.93	-29.00
294.02	45.93	-45.00
301.02	1.93	-33.00
308.02	-11.06	-13.00
313.02	-53.06	-24.00
319.02	-64.06	-30.00
327.02	-28.06	-11.00
330.02	37.93	-8.00
338.02	25.93	-29.00
346.02	-34.06	-8.00
352.02	-83.06	-32.00
355.02	22.93	-4.00
364.02	-12.06	-58.00
372.02	-30.06	27.99
378.02	-15.06	-5.00
383.02	-8.06	-28.00
391.02	85.93	-0.00
398.02	-5.06	-34.00
403.02	-72.06	-3.00
410.02	-91.06	9.99
415.02	-15.06	7.99
424.02	27.93	-48.00
431.02	-35.06	30.99
435.02	-148.06	8.99
435.02	-76.06	6.99
443.02	116.93	-29.00
454.02	79.93	-81.00
460.02	-9.06	43.99
466.02	-134.06	46.99
461.02	-164.06	31.99
466.02	-31.06	-18.00
476.02	-22.06	4.99
484.02	44.93	61.99
496.02	71.93	-52.00
498.02	-60.06	-30.00
498.02	-122.06	57.99
498.02	-32.06	-28.00
498.02	-31.06	1.99
488.02	-46.06	-15.00
498.02	-111.06	94.99
498.02	12.93	0.99
499.02	64.93	-14.00
498.02	-101.06	30.99
499.02	-176.06	36.99
498.02	-98.06	-67.00
498.02	69.93	-38.00
498.02	-25.06	71.99
499.02	-94.06	3.99
498.02	-80.06	55.99
498.02	-16.06	56.99
499.02	41.93	-18.00
498.02	-110.06	-3.00
498.02	-223.06	54.99
499.02	-55.06	-16.00
497.02	139.93	9.99
500.02	25.93	-45.00
498.02	-187.06	141.99
495.02	-278.06	-3.00
497.02	-157.06	-36.00
498.02	27.93	70.99
498.02	-134.06	-6.00
498.02	-23.06	76.99
498.02	-35.06	-12.00
498.02	-95.06	-41.00
499.02	-191.06	82.99
498.02	-186.06	53.99
498.02	-1.06	-17.00
498.02	-21.06	46.99
498.02	-134.06	24.99
498.02	-239.06	95.99
498.02	-4.06	-103.00
500.02	-39.06	-141.00
498.02	-170.06	-90.00
