0
0
0
0
0
1
3
5
8
12
17
21
27
34
40
47
56
65
73
83
93
104
115
126
138
151
164
178
191
206
220
236
251
11
28
45
62
81
99
117
136
155
174
195
215
235
1
22
44
66
88
110
134
157
181
204
229
253
22
46
72
98
123
150
177
202
230
1
28
55
83
111
139
168
197
226
254
28
58
88
118
148
178
209
239
14
45
76
108
139
171
203
235
11
44
76
109
142
175
209
242
20
53
87
121
155
189
223
2
36
71
106
141
175
211
247
26
61
97
133
169
204
241
20
56
92
129
166
202
239
20
57
93
131
168
205
243
24
61
100
137
174
213
251
33
71
109
148
185
223
6
45
84
122
161
200
238
22
60
100
138
178
217
1
40
79
118
157
197
237
20
59
99
139
179
219
3
42
83
122
163
203
244
27
67
107
148
188
229
13
54
94
135
175
216
2
42
83
123
165
205
247
31
73
114
155
196
237
22
62
104
146
187
228
13
55
97
138
180
221
7
47
89
131
172
214
255
41
83
124
166
207
250
36
77
119
162
203
246
31
74
116
158
200
243
28
70
113
154
197
238
25
68
109
152
195
