0
0
0
0
2
4
6
9
13
17
22
27
34
40
47
55
63
72
81
91
102
112
123
136
148
161
174
188
202
217
232
247
8
24
41
58
76
93
112
131
150
170
189
209
230
250
16
38
59
81
104
126
150
174
198
221
246
15
40
65
89
115
141
168
194
220
248
19
47
75
103
131
158
187
215
244
18
47
77
107
137
167
198
228
4
35
66
97
127
159
191
223
1
33
66
98
131
164
196
230
7
40
74
107
141
175
209
244
22
57
91
126
161
196
232
12
47
82
117
153
188
226
7
42
79
115
151
187
223
6
42
79
115
152
189
227
8
45
82
119
157
195
232
15
53
90
129
167
205
242
24
62
101
140
178
217
255
38
77
115
153
193
232
16
55
94
133
172
211
251
35
74
113
153
193
233
17
56
95
136
175
215
1
40
80
120
159
200
240
24
65
105
145
185
226
10
50
90
131
171
212
252
37
78
118
158
199
241
25
67
107
148
189
230
16
56
98
139
180
220
7
48
89
131
171
212
254
40
81
122
164
205
247
33
74
115
156
199
241
26
68
109
151
193
234
20
62
104
146
187
229
14
56
98
140
181
