0.40	0.01	-0.14
0.40	0.01	0.85
0.40	-8.98	3.85
0.40	5.01	-5.14
2.40	9.01	5.85
4.40	2.01	-14.14
7.40	-1.98	-10.14
9.40	-1.98	-7.14
13.40	2.01	-4.14
16.40	4.01	-11.14
17.40	8.01	-8.14
21.40	9.01	-9.14
24.40	5.01	-7.14
26.40	-1.98	-6.14
45.40	1.01	-15.14
33.40	1.01	-13.14
35.40	6.01	-4.14
38.40	8.01	-7.14
38.40	6.01	-21.14
41.40	3.01	-19.14
46.40	-6.98	-14.14
45.40	-3.98	-18.14
49.40	0.01	-16.14
49.40	2.01	-10.14
50.40	14.01	-19.14
49.40	-1.98	-14.14
50.40	-6.98	-6.14
50.40	0.01	-23.14
49.40	11.01	20.85
54.40	4.01	-14.14
56.40	23.01	7.85
69.40	1.01	10.85
62.40	13.01	-0.14
65.40	1.01	8.85
68.40	-2.98	-11.14
70.40	23.01	16.85
73.40	7.01	-2.14
76.40	1.01	-23.14
78.40	-8.98	-13.14
80.40	-1.98	-17.14
81.40	6.01	-1.14
83.40	3.01	-12.14
80.40	4.01	-5.14
80.40	-2.98	-26.14
80.40	2.01	-17.14
81.40	-8.98	18.85
82.40	8.01	-23.14
83.40	6.01	-0.14
82.40	13.01	-1.14
85.40	-7.98	-19.14
88.40	11.01	12.85
90.40	5.01	-15.14
92.40	-9.98	-2.14
95.40	-6.98	-18.14
95.40	3.01	12.85
95.40	4.01	1.85
97.40	-5.98	-16.14
101.40	3.01	-4.14
101.40	20.01	9.85
106.40	0.01	-3.14
104.40	-0.98	4.85
106.40	8.01	9.85
108.40	-9.98	7.85
111.40	-2.98	5.85
115.40	-0.98	7.85
135.40	-25.98	-23.14
117.40	-8.98	-5.14
118.40	6.01	8.85
119.40	-8.98	-34.14
122.40	-7.98	-17.14
120.40	-0.98	-20.14
119.40	-6.98	-2.14
116.40	0.01	-24.14
120.40	-3.98	-15.14
118.40	1.01	-5.14
118.40	-3.98	-12.14
116.40	13.01	-0.14
117.40	2.01	12.85
118.40	-4.98	-14.14
120.40	23.01	48.85
121.40	13.01	-13.14
122.40	-5.98	26.85
124.40	0.01	-6.14
124.40	15.01	15.85
125.40	17.01	22.85
126.40	12.01	-12.14
128.40	23.01	-1.14
127.40	13.01	-14.14
129.40	13.01	36.85
130.40	11.01	-18.14
131.40	-6.98	11.85
131.40	15.01	9.85
134.40	-0.98	-0.14
131.40	8.01	-24.14
132.40	5.01	14.85
132.40	1.01	-10.14
133.40	7.01	-9.14
134.40	0.01	-0.14
135.40	-12.98	-29.14
133.40	1.01	3.85
131.40	-12.98	-22.14
131.40	-5.98	5.85
131.40	-5.98	-33.14
129.40	3.01	15.85
129.40	-1.98	-20.14
130.40	11.01	-2.14
131.40	6.01	0.85
131.40	2.01	4.85
132.40	13.01	6.85
133.40	4.01	0.85
136.40	6.01	4.85
139.40	-1.98	-8.14
139.40	-5.98	-7.14
140.40	2.01	-5.14
136.40	10.01	10.85
139.40	5.01	-7.14
139.40	-8.98	-28.14
138.40	-6.98	3.85
135.40	-10.98	3.85
135.40	-0.98	-3.14
137.40	-5.98	11.85
137.40	15.01	9.85
137.40	-1.98	-13.14
138.40	9.01	23.85
137.40	11.01	-6.14
136.40	8.01	20.85
136.40	1.01	8.85
138.40	0.01	17.85
