0
0
0
0
0
0
0
0
0
0
0
0
0
0
0
0
0
0
0
0
0
0
0
0
0
0
0
0
0
0
0
0
0
0
0
0
0
0
0
0
0
0
0
0
0
0
0
0
0
0
0
0
0
0
0
0
0
0
0
0
0
0
0
0
0
0
0
0
0
0
0
0
0
0
0
0
0
0
0
0
0
0
0
0
0
0
0
0
0
0
0
0
0
0
0
0
0
0
0
0
0
0
0
5
6
5
7
7
7
8
7
11
14
15
15
18
18
21
21
21
21
22
23
24
25
25
27
27
28
28
29
29
30
31
32
32
33
33
33
34
35
36
36
37
38
40
41
42
43
44
45
46
46
48
49
49
51
52
53
53
54
55
56
57
57
58
59
60
61
62
63
64
65
66
67
68
70
71
70
72
73
73
75
75
77
78
78
81
82
83
84
85
85
86
87
88
89
90
91
93
94
95
96
97
97
98
100
101
102
102
104
105
105
107
107
110
110
110
112
113
114
114
116
117
119
119
120
121
122
124
124
124
126
127
128
129
130
132
132
134
133
135
136
138
138
139
140
141
143
143
144
145
147
147
148
149
151
151
153
154
154
157
156
158
159
160
162
161
164
164
164
165
166
168
168
170
171
171
173
173
175
176
176
177
179
180
181
182
183
183
185
186
187
187
188
190
190
192
192
193
194
195
196
198
198
199
201
201
203
204
205
205
207
208
209
210
210
210
213
213
214
215
217
217
218
219
220
221
223
224
224
225
225
227
229
229
230
231
232
233
233
235
236
236
237
239
240
240
242
242
244
245
246
247
247
248
249
251
251
253
253
254
254
257
256
257
259
260
260
260
263
263
264
264
266
266
268
270
268
271
271
272
274
275
274
275
276
277
278
278
279
281
281
282
285
284
285
287
287
287
289
290
290
291
292
294
294
294
296
296
298
297
299
300
301
302
304
305
305
306
307
308
308
309
310
311
312
313
314
313
314
317
318
318
319
322
321
322
324
325
325
326
327
327
329
329
330
331
332
331
332
335
334
336
336
337
338
339
338
339
339
341
341
342
342
345
346
347
347
350
349
351
352
352
352
353
354
357
357
357
358
360
361
361
361
360
361
363
363
365
365
365
366
369
369
369
371
371
372
373
373
373
375
378
378
379
378
379
380
381
382
382
384
382
383
383
387
387
388
389
390
391
390
391
394
394
395
395
396
397
397
397
399
398
399
401
400
402
402
404
405
406
405
407
407
409
410
410
410
412
412
411
412
414
414
417
415
415
417
419
422
420
422
420
422
422
422
423
425
426
428
428
429
429
431
429
430
431
432
433
435
435
435
436
437
437
439
441
442
440
439
441
444
443
443
445
445
446
447
448
449
448
451
450
451
453
454
452
455
456
456
456
457
457
458
459
459
460
461
461
464
462
464
465
465
467
467
468
467
468
469
470
471
471
472
471
474
475
476
475
476
478
478
479
477
479
479
481
482
482
483
486
485
485
485
487
487
487
489
491
491
491
492
492
493
493
495
496
496
496
497
499
500
499
501
499
502
503
503
504
505
506
506
505
508
507
510
510
509
510
511
512
514
514
514
516
516
515
516
518
518
519
520
522
521
523
522
524
526
525
527
526
528
529
529
530
532
532
532
534
535
535
536
538
538
538
539
539
541
541
543
542
545
544
545
546
547
548
548
550
550
552
553
553
554
557
557
556
559
558
560
561
561
563
563
563
566
565
567
569
569
569
572
572
571
574
576
576
578
578
578
579
580
581
582
583
586
586
587
587
589
589
591
592
595
595
594
597
598
599
600
601
604
605
606
606
606
608
610
611
612
613
615
614
617
617
618
620
623
621
625
626
627
629
629
632
632
632
633
635
636
636
638
640
642
643
644
645
647
649
650
650
652
652
653
654
657
659
658
660
661
663
666
665
668
667
669
670
674
674
675
677
678
680
678
682
681
681
682
683
685
685
685
684
684
686
687
686
685
688
686
688
686
689
688
689
690
688
688
691
689
688
689
690
691
691
691
690
690
689
690
690
691
691
691
691
691
692
691
692
692
691
691
692
692
691
692
692
692
692
692
692
692
692
691
692
692
692
692
691
692
691
692
692
692
692
692
692
691
691
691
691
691
691
691
690
691
691
690
691
690
691
691
691
690
690
690
690
691
690
691
691
691
691
690
691
691
692
691
691
692
692
693
691
693
692
692
692
692
693
692
693
692
693
692
692
692
691
692
691
691
690
691
691
691
691
691
690
691
692
691
692
692
691
692
692
692
692
693
692
693
693
692
693
692
691
690
691
691
690
690
690
691
690
691
691
691
691
692
693
692
693
693
