160
158
157
156
155
154
154
154
152
152
151
149
148
147
147
145
145
144
144
143
141
141
140
139
139
137
136
136
135
135
134
132
132
131
130
130
128
129
127
126
127
126
124
124
122
122
121
120
119
120
119
118
118
117
116
114
114
113
112
112
111
111
111
110
110
108
108
108
107
105
105
105
104
104
102
102
102
101
101
100
100
99
98
98
97
97
96
95
94
95
93
94
93
93
92
92
92
90
90
88
89
87
88
87
87
86
86
86
85
85
85
84
84
83
82
82
82
81
80
81
79
79
80
78
78
79
78
77
78
76
77
76
76
75
75
73
74
74
72
74
72
72
73
71
72
71
71
72
70
70
70
69
69
68
69
68
67
68
67
67
66
66
66
67
65
66
65
65
66
64
64
64
64
63
63
64
63
62
63
62
62
61
62
61
60
61
61
61
61
60
62
59
60
60
60
60
59
59
59
58
59
58
59
57
58
57
58
57
57
58
57
57
57
57
57
57
56
57
56
56
57
55
56
55
56
55
55
55
55
55
55
54
55
54
55
54
54
55
54
54
55
54
54
54
54
54
53
54
53
53
54
53
52
54
53
52
