0  6.92898e-316 0  0
-0.00586022  -0.00586022 -0.175807  -0.175807
-0.0165116  -0.034133 -0.143735  -0.231961
-0.021281  -0.0409121 0.000654487  -0.0664156
-0.015208  -0.00211961 0.181534  0.318315
-0.00613355  0.0236021 0.0907009  0.268749
0.00211147  0.0122492 0.15665  0.162211
0.0125978  0.0176587 0.15794  0.133641
0.0290046  0.0460671 0.334262  0.384628
0.0514698  0.0815614 0.339694  0.443072
0.0805591  0.114913 0.532986  0.621952
0.115342  0.158012 0.510497  0.612533
0.156931  0.202521 0.737176  0.817932
0.203725  0.259649 0.666655  0.774544
0.252326  0.30851 0.791361  0.861251
0.30854  0.358917 0.895059  0.907579
0.360626  0.435719 0.667522  0.810944
0.399161  0.435689 0.488542  0.368167
0.435015  0.441978 0.587064  0.348623
0.468777  0.506354 0.425783  0.442283
0.489503  0.518458 0.196022  0.159224
0.508979  0.497248 0.388241  0.141882
0.528966  0.553721 0.211373  0.255031
0.544918  0.565933 0.26718  0.274386
0.570322  0.575411 0.494937  0.41221
0.61071  0.663258 0.71673  0.924371
0.660729  0.733146 0.783817  1.02449
0.707216  0.772934 0.610817  0.726825
0.754798  0.787098 0.816624  0.707064
0.812645  0.866194 0.918786  0.965733
0.870146  0.953411 0.806237  0.998917
0.917969  0.967835 0.628464  0.567658
0.96511  0.9891 0.78576  0.605342
1.02251  1.07428 0.936223  0.974024
1.09151  1.17496 1.13378  1.3314
1.17067  1.26273 1.24102  1.4136
1.24769  1.34627 1.0697  1.21497
1.32009  1.38586 1.10227  1.01462
1.3895  1.45223 0.979856  0.907589
1.44729  1.51183 0.753927  0.717987
1.49112  1.52052 0.560985  0.345566
1.52318  1.53846 0.400922  0.186761
1.54933  1.55932 0.383444  0.218586
1.56832  1.5858 0.186241  0.12271
1.58075  1.58422 0.186597  0.0694712
1.58906  1.58883 0.0628846  -0.0317396
1.59784  1.59931 0.200321  0.149613
1.61132  1.62344 0.20408  0.23028
1.62253  1.64751 0.132327  0.219414
1.63152  1.63381 0.137345  0.0682821
1.64312  1.64829 0.210763  0.182676
1.65482  1.67445 0.140189  0.201637
1.66304  1.67304 0.106486  0.092697
1.67439  1.67382 0.233977  0.167273
1.6972  1.71893 0.450151  0.530096
1.72598  1.77595 0.413264  0.618764
1.75747  1.79433 0.531607  0.590161
1.79466  1.83019 0.583928  0.613788
1.83429  1.88485 0.604982  0.706349
1.87773  1.92009 0.698191  0.717573
1.92172  1.97384 0.621734  0.687493
1.96782  2.01094 0.761179  0.753579
2.02345  2.0749 0.907556  0.948407
2.07895  2.1578 0.757455  0.933574
2.13141  2.18044 0.816422  0.764691
2.1896  2.23513 0.929416  0.877409
2.25783  2.33282 1.11749  1.24596
2.33629  2.42631 1.23609  1.40002
2.41585  2.5145 1.15071  1.30207
2.48705  2.56356 0.985426  0.960068
2.55686  2.60665 1.10903  0.946444
2.62922  2.70107 1.06165  1.07945
2.69685  2.77594 0.967249  1.01822
2.75717  2.8108 0.842437  0.735225
2.81288  2.85774 0.828793  0.71266
2.8727  2.92094 0.965686  0.910579
2.93649  3.00932 0.948103  1.04791
2.99613  3.06707 0.840954  0.89391
3.04918  3.09582 0.750666  0.651066
3.10394  3.14314 0.892271  0.788241
3.16772  3.2309 1.02108  1.08652
3.24293  3.32825 1.23515  1.39805
3.31994  3.41881 1.07524  1.25288
3.3871  3.46198 0.939407  0.920654
3.45341  3.49492 1.05003  0.855199
3.51759  3.58842 0.875352  0.912427
3.57789  3.63624 0.933571  0.888746
3.64006  3.69168 0.931595  0.866241
3.70579  3.77522 1.04018  1.09634
3.77008  3.84338 0.888513  0.945384
3.82465  3.88305 0.748806  0.70314
3.86795  3.89874 0.549995  0.369748
3.9119  3.93241 0.768712  0.597912
3.95568  4.00799 0.544442  0.610414
3.98804  4.02993 0.42647  0.411184
4.01803  4.02116 0.473215  0.251122
4.05357  4.08501 0.592878  0.607133
4.08773  4.13816 0.432041  0.54513
4.11435  4.14108 0.366441  0.308298
4.13222  4.14079 0.169785  0.0333363
4.14037  4.14058 0.0746071  -0.0577479
4.13958  4.12776 -0.0983258  -0.24827
4.13258  4.11445 -0.111424  -0.241229
4.12654  4.10866 -0.0700642  -0.151012
4.11964  4.11938 -0.136868  -0.0916649
4.11732  4.10709 0.0673294  0.0413824
4.12005  4.13021 0.0146421  0.109886
4.12591  4.13857 0.161195  0.235382
4.1322  4.14316 0.027304  0.0650717
4.13695  4.14268 0.115269  0.110584
4.14654  4.14732 0.172486  0.142339
4.16557  4.18868 0.398344  0.501647
4.19449  4.23451 0.469439  0.627637
4.23007  4.27868 0.597687  0.745178
4.26521  4.31217 0.456771  0.541322
4.29402  4.32451 0.407546  0.370916
4.32734  4.34064 0.592059  0.474554
4.37176  4.42086 0.740303  0.862014
4.4271  4.49657 0.920041  1.10893
4.49051  4.56708 0.982199  1.14098
4.56357  4.6415 1.20972  1.31791
4.63786  4.7314 1.01881  1.17308
4.70892  4.78061 1.11309  1.09121
4.7903  4.85306 1.32839  1.26549
4.87272  4.98295 1.14415  1.36449
4.95591  5.03385 1.3514  1.31421
5.04704  5.1324 1.3825  1.39959
5.14475  5.25597 1.54887  1.70148
5.24186  5.3513 1.36435  1.45144
5.33936  5.43122 1.56079  1.51969
5.4501  5.5496 1.76143  1.7772
5.56591  5.71045 1.71267  1.9696
5.67317  5.79327 1.50524  1.53427
5.77207  5.85509 1.46185  1.27702
5.87698  5.96043 1.68539  1.57045
5.9879  6.11307 1.64209  1.79787
6.09503  6.21673 1.57196  1.65177
6.19783  6.29176 1.51187  1.41033
6.29436  6.38901 1.38419  1.32366
6.38754  6.47046 1.41111  1.30845
6.47484  6.56312 1.20804  1.17222
6.56073  6.63459 1.36852  1.26679
6.65269  6.73853 1.39035  1.39142
6.74868  6.85677 1.48932  1.61199
6.84989  6.95211 1.5471  1.59278
6.95676  7.06932 1.65896  1.74459
7.06132  7.17966 1.47777  1.5638
7.16022  7.25549 1.48912  1.41729
7.26046  7.34677 1.51829  1.42356
7.36933  7.47661 1.74777  1.80261
7.4806  7.61031 1.59034  1.74808
7.58748  7.69935 1.61608  1.61839
7.68881  7.78353 1.42372  1.3312
7.78932  7.87943 1.59152  1.50757
7.89575  7.99743 1.60161  1.61171
7.99767  8.11946 1.45595  1.57262
8.09954  8.18581 1.60006  1.47936
8.19989  8.30513 1.41032  1.43779
8.2869  8.38297 1.20008  1.16719
8.37326  8.42685 1.39061  1.13694
8.45849  8.55188 1.16636  1.22352
8.54362  8.62524 1.38771  1.35943
8.63317  8.71873 1.29854  1.30223
8.71304  8.81396 1.0978  1.18428
8.78446  8.83647 1.04482  0.831615
8.8509  8.9073 0.94825  0.837021
8.91368  8.97204 0.935155  0.875339
8.97962  9.03553 1.04298  0.991566
9.05163  9.12773 1.11726  1.19536
9.12912  9.21438 1.20742  1.30721
9.2064  9.29428 1.11123  1.18883
9.28389  9.35755 1.21339  1.18473
9.36544  9.44403 1.23308  1.24192
9.45287  9.54473 1.38966  1.468
9.54452  9.6444 1.35985  1.45355
9.63006  9.72906 1.20638  1.26099
9.71173  9.77922 1.24388  1.10577
9.79532  9.87143 1.26382  1.22346
9.88254  9.97309 1.35264  1.40621
9.96724  10.0622 1.18837  1.24644
10.0471  10.1231 1.20685  1.13978
10.1329  10.2022 1.36918  1.28991
10.2273  10.3317 1.46159  1.60381
10.3266  10.4385 1.51864  1.64955
10.4312  10.5383 1.61784  1.67485
10.5348  10.6502 1.4894  1.57132
10.6388  10.7368 1.63173  1.58829
10.748  10.8543 1.6441  1.66198
10.8547  10.9768 1.55686  1.65477
10.9639  11.0608 1.71989  1.64369
11.0777  11.1955 1.69185  1.75851
11.1878  11.3112 1.6113  1.68428
11.3003  11.3983 1.76474  1.67148
11.4217  11.5433 1.87847  1.94878
11.5453  11.6878 1.82812  1.98718
11.6628  11.7861 1.69765  1.69335
11.7689  11.8702 1.48386  1.36095
11.8734  11.954 1.65135  1.45972
11.9904  12.098 1.85965  1.88589
12.1174  12.2668 1.95108  2.19674
12.2484  12.3927 1.9778  2.10618
12.3763  12.5119 1.85896  1.8924
12.499  12.6172 1.8216  1.74759
12.6143  12.7258 1.63708  1.55379
12.717  12.8163 1.44388  1.32408
12.8187  12.8933 1.60765  1.39618
12.9223  13.0292 1.5006  1.54313
13.0248  13.1329 1.57584  1.60913
13.1283  13.2268 1.52861  1.49721
13.2373  13.3441 1.74132  1.76694
13.3581  13.4806 1.88323  1.98565
13.4904  13.6381 2.08541  2.2886
13.6342  13.7888 2.22953  2.39567
13.783  13.95 2.2329  2.40685
13.9328  14.0875 2.2612  2.30436
14.084  14.2342 2.27357  2.2762
14.2391  14.3934 2.37944  2.40374
14.3957  14.5601 2.31913  2.38977
14.5434  14.7014 2.11293  2.12266
14.6772  14.8013 1.90062  1.72109
14.7996  14.9034 1.7724  1.54706
14.9177  15.0193 1.76909  1.61412
15.0336  15.1466 1.70718  1.67146
15.1405  15.2527 1.50147  1.47417
15.2366  15.3216 1.38094  1.21462
15.3326  15.4064 1.49961  1.33239
15.4291  15.5314 1.39437  1.44463
15.5186  15.6153 1.29099  1.29226
15.6065  15.6778 1.34623  1.20761
15.692  15.7804 1.21835  1.22443
15.7805  15.8602 1.43733  1.39324
15.8714  15.9692 1.28835  1.35967
15.9567  16.0514 1.27257  1.3006
16.0399  16.1098 1.22326  1.10528
16.118  16.1995 1.12068  1.10911
16.1935  16.2595 1.14265  1.05078
16.2658  16.3375 1.02617  0.998811
16.3349  16.4004 1.04748  0.996458
16.4003  16.4631 0.913754  0.866364
16.4634  16.521 0.980977  0.922186
16.5289  16.5886 0.984065  0.958261
16.5871  16.6598 0.761306  0.816444
16.6392  16.6767 0.79977  0.642084
16.6897  16.7309 0.716031  0.636282
16.7378  16.7879 0.727588  0.725393
16.7808  16.8232 0.563408  0.519714
16.8237  16.8551 0.722978  0.635101
16.8681  16.9138 0.609469  0.631904
16.909  16.957 0.615918  0.64317
16.9562  16.9868 0.800224  0.72199
17.0064  17.0725 0.705347  0.850338
17.057  17.1104 0.814521  0.836518
17.1097  17.1601 0.764576  0.76265
17.1631  17.2208 0.838722  0.877176
17.2235  17.2777 0.973127  0.978588
17.2904  17.3683 1.03359  1.1671
17.358  17.4371 0.995476  1.08649
17.4177  17.4835 0.7937  0.778729
17.4768  17.5159 0.981729  0.82557
17.5352  17.5985 0.767904  0.801844
17.5831  17.6388 0.669185  0.648817
17.6336  17.6551 0.845262  0.645144
17.6855  17.7495 0.71339  0.819043
17.737  17.7901 0.829832  0.837391
17.7888  17.8381 0.725661  0.709652
17.8371  17.8905 0.722154  0.734247
17.8821  17.9208 0.629622  0.556503
17.9244  17.9636 0.639911  0.596504
17.96  17.997 0.426776  0.387446
17.9886  18.0083 0.431456  0.311057
18.0123  18.0272 0.278028  0.175815
18.0315  18.0464 0.298921  0.233787
18.0518  18.0624 0.311782  0.246523
18.0765  18.1023 0.427759  0.46993
18.1106  18.1452 0.595853  0.671056
18.1435  18.1992 0.38933  0.553159
18.1755  18.1991 0.572067  0.499717
18.2169  18.2485 0.668791  0.666876
18.2585  18.3243 0.5797  0.765635
18.2957  18.3317 0.537946  0.492543
18.3333  18.3599 0.588035  0.507981
18.374  18.4152 0.635007  0.663848
18.4109  18.4594 0.471487  0.530067
18.4347  18.4594 0.240692  0.147514
18.447  18.4397 0.13087  -0.103868
18.4625  18.454 0.332693  0.177049
18.4867  18.5164 0.393306  0.504309
18.5157  18.5594 0.476306  0.623509
18.5397  18.5756 0.245413  0.295322
18.5567  18.5656 0.263115  0.14746
18.5776  18.5799 0.363231  0.253367
18.5985  18.6338 0.264559  0.375662
18.6149  18.6327 0.227398  0.202208
18.6367  18.6417 0.426581  0.340518
18.658  18.6968 0.213411  0.343655
18.6752  18.6914 0.303019  0.261672
18.6943  18.7016 0.267755  0.193402
18.7096  18.736 0.192993  0.250228
18.7181  18.7224 0.0619505  -0.0228199
18.7217  18.7151 0.0444921  -0.0691917
18.73  18.725 0.20535  0.142186
18.7419  18.7652 0.151819  0.266906
18.7444  18.762 -0.0756862  -0.0344184
18.7375  18.7139 -0.132908  -0.332118
18.723  18.6981 -0.301402  -0.435056
18.7086  18.6802 -0.129873  -0.233926
18.6989  18.6889 -0.162678  -0.127561
18.6808  18.6823 -0.379374  -0.294372
18.6568  18.6142 -0.342061  -0.529591
18.6376  18.604 -0.233018  -0.302548
18.6211  18.6178 -0.260528  -0.139077
18.599  18.5858 -0.404066  -0.381161
18.5696  18.5313 -0.47899  -0.601517
18.539  18.4948 -0.439081  -0.549539
18.5049  18.4756 -0.582473  -0.57091
18.4676  18.4248 -0.53628  -0.603054
18.4322  18.3888 -0.525487  -0.571355
18.4021  18.3735 -0.377326  -0.325165
18.3736  18.3556 -0.479073  -0.387596
18.342  18.3141 -0.468233  -0.464615
18.3086  18.2687 -0.533311  -0.597093
18.2807  18.2448 -0.304002  -0.322294
18.2652  18.2523 -0.160894  -0.046187
18.2588  18.2715 -0.0321916  0.180907
18.2632  18.2724 0.16536  0.28109
18.2796  18.3071 0.326239  0.500401
18.3009  18.3417 0.313608  0.496518
18.3195  18.3466 0.244956  0.285894
18.331  18.3404 0.100133  0.0291693
18.3406  18.336 0.187399  0.0655478
18.358  18.367 0.332229  0.330255
18.3729  18.4109 0.117323  0.274109
18.3742  18.3779 -0.079881  -0.168193
18.3738  18.3418 0.0683833  -0.182906
18.377  18.3813 0.0271951  0.0666231
18.3743  18.3866 -0.107562  -0.0390393
18.3701  18.3498 -0.0187088  -0.153818
18.3741  18.3702 0.138238  0.142379
18.3793  18.4049 0.0177248  0.182299
18.377  18.3797 -0.0870493  -0.10804
18.3723  18.3506 -0.0519994  -0.199663
18.3716  18.3661 0.0309177  0.0261636
18.3731  18.3834 0.013546  0.0973907
18.3804  18.3847 0.204611  0.224896
18.3904  18.4115 0.0964977  0.20152
18.3992  18.4127 0.166674  0.191678
18.4105  18.4147 0.172992  0.137551
18.4265  18.4455 0.306612  0.365343
18.4465  18.4727 0.294008  0.370884
18.4706  18.4982 0.42952  0.485651
18.4964  18.5288 0.343039  0.405374
18.5244  18.552 0.496299  0.509393
18.5619  18.5949 0.630179  0.668018
18.5981  18.659 0.455867  0.632908
18.6302  18.6568 0.506888  0.431009
18.6674  18.6906 0.60738  0.540863
18.7151  18.7679 0.824886  0.944806
18.7637  18.835 0.632337  0.810195
18.7992  18.8433 0.433237  0.396897
18.8228  18.825 0.274979  0.0221935
18.8453  18.8469 0.400636  0.236862
18.8779  18.9044 0.577306  0.609686
18.9117  18.9699 0.435082  0.63001
18.946  18.9759 0.594476  0.562913
18.9888  19.0247 0.68847  0.701133
19.0362  19.1005 0.735998  0.899433
19.0784  19.1325 0.529695  0.577429
19.1121  19.1383 0.481602  0.358826
19.1434  19.1591 0.455136  0.320336
19.1705  19.2005 0.35926  0.351578
19.1971  19.2146 0.437333  0.364339
19.2188  19.2463 0.214977  0.223427
19.2404  19.2498 0.432959  0.338975
19.2636  19.2879 0.26272  0.285058
19.2878  19.3147 0.462369  0.490969
19.3145  19.3402 0.341297  0.351952
19.3417  19.3747 0.472174  0.519625
19.3723  19.3986 0.447202  0.440346
19.3948  19.4346 0.228809  0.298196
19.4063  19.4056 0.116143  -0.0616004
19.4101  19.3988 -0.0042575  -0.175069
19.4073  19.3976 -0.0781915  -0.177753
19.3958  19.3805 -0.268539  -0.362361
19.3706  19.34 -0.485998  -0.629731
19.3376  19.2827 -0.503305  -0.727567
19.3071  19.2622 -0.411691  -0.499101
19.2835  19.2634 -0.297718  -0.21719
19.2626  19.2543 -0.328459  -0.212662
19.2451  19.227 -0.198454  -0.178395
19.2367  19.2264 -0.0526407  0.00259667
19.2346  19.2479 -0.0106992  0.15396
19.2347  19.2429 0.0140231  0.0901033
19.2387  19.2411 0.105566  0.12249
19.2501  19.2631 0.236223  0.304884
19.2642  19.2923 0.1894  0.315465
19.2754  19.2922 0.143996  0.162096
19.2832  19.2852 0.0912417  0.0213992
19.2885  19.2902 0.0690548  0.023153
19.2977  19.2985 0.206499  0.172501
19.3166  19.337 0.358219  0.444504
19.3442  19.3851 0.471096  0.638035
19.3751  19.4194 0.455672  0.580253
19.4108  19.4451 0.615977  0.63979
19.4552  19.502 0.715895  0.799625
19.5044  19.5683 0.761173  0.907762
19.5595  19.6158 0.890187  0.942295
19.6258  19.6934 1.09997  1.19445
19.6973  19.7894 1.04519  1.23921
19.7628  19.8406 0.918289  0.963542
19.8314  19.8788 1.14062  1.00242
19.9096  19.9909 1.20411  1.30238
19.9893  20.0894 1.18775  1.35307
20.0657  20.1434 1.10521  1.08757
20.1429  20.2106 1.20929  1.14335
20.2234  20.3047 1.20642  1.23905
20.3082  20.3966 1.33751  1.39725
20.3962  20.4898 1.30226  1.36871
20.479  20.5727 1.18242  1.22488
20.5535  20.6212 1.05183  0.936444
20.6191  20.6757 0.91565  0.781628
20.6733  20.721 0.710678  0.576808
20.7254  20.7555 0.852971  0.671095
20.7863  20.8398 0.972453  0.985723
20.855  20.9388 1.08996  1.26422
20.9291  21.0122 1.13197  1.23919
20.9993  21.0826 0.973693  1.04255
21.0589  21.1162 0.814861  0.716209
21.1205  21.1559 1.03506  0.85192
21.1912  21.2648 1.08553  1.17898
21.2706  21.3623 1.29508  1.45344
21.3616  21.4575 1.43606  1.55971
21.4551  21.5713 1.36847  1.55835
21.5451  21.6379 1.33165  1.32358
21.6362  21.7166 1.40199  1.32895
21.7231  21.8196 1.20338  1.24543
21.7959  21.8706 0.980906  0.888276
21.8602  21.8997 0.94932  0.69753
21.9162  21.9676 0.729553  0.635125
21.9633  22.002 0.683233  0.553691
22.0112  22.0403 0.755689  0.620283
22.054  22.1094 0.527315  0.585899
22.082  22.1101 0.313544  0.200627
22.0971  22.0907 0.138702  -0.12196
22.1037  22.0947 0.0587256  -0.12055
22.1117  22.1036 0.179976  0.0715207
22.1254  22.1414 0.233197  0.296187
22.135  22.1621 0.0533728  0.15435
22.1337  22.1286 -0.0915609  -0.204071
22.1331  22.1072 0.072755  -0.112796
22.1353  22.1431 -0.0067179  0.060436
22.1332  22.1413 -0.0568911  -0.0128398
22.1357  22.1206 0.133393  0.0341909
22.139  22.1567 -0.0347271  0.0822186
22.1313  22.133 -0.196358  -0.209972
22.1208  22.0846 -0.119502  -0.335744
22.1163  22.1058 -0.0146722  -0.0109266
22.1123  22.1244 -0.103644  0.0220754
22.1104  22.1036 0.0453193  0.021432
22.1166  22.12 0.139405  0.180522
22.1323  22.158 0.331845  0.480514
22.1586  22.1938 0.45942  0.604954
22.1894  22.2377 0.463541  0.627892
22.2168  22.2526 0.357451  0.393648
22.2359  22.2525 0.217273  0.134746
22.2452  22.2458 0.0607944  -0.0791914
22.2468  22.2357 -0.012969  -0.165969
22.2415  22.2292 -0.144681  -0.248611
22.2333  22.2146 -0.101806  -0.20238
22.2245  22.2125 -0.164396  -0.191395
22.2153  22.2061 -0.111487  -0.113372
22.204  22.1941 -0.227096  -0.231928
22.1868  22.1703 -0.287121  -0.326747
22.17  22.1391 -0.217043  -0.320976
22.1536  22.1413 -0.276554  -0.24032
22.1382  22.1219 -0.185615  -0.184735
22.1245  22.1115 -0.225226  -0.206236
22.1169  22.107 -0.000576446  0.0278063
22.1216  22.129 0.141479  0.254096
22.1326  22.1649 0.187874  0.396096
22.1504  22.17 0.345899  0.408512
22.1679  22.2001 0.177542  0.28662
22.1873  22.1998 0.404704  0.36605
22.2182  22.2434 0.522073  0.567031
22.2494  22.3086 0.416535  0.631072
22.2717  22.2965 0.251127  0.198992
22.2872  22.2869 0.214412  0.0435112
22.3092  22.3134 0.444644  0.360746
22.3381  22.3803 0.421204  0.576789
22.3622  22.404 0.302512  0.398597
22.3855  22.3934 0.395889  0.271162
22.4098  22.4346 0.333949  0.34773
22.4246  22.4518 0.111892  0.133277
22.4277  22.4173 -0.0215489  -0.213592
22.4283  22.4071 0.0413604  -0.139796
22.4267  22.4283 -0.0899342  -0.0798665
22.4187  22.4118 -0.148914  -0.189741
22.4161  22.3931 0.0711721  -0.0425552
22.4198  22.4351 0.0391059  0.176831
22.4296  22.4453 0.253941  0.343689
22.4441  22.4658 0.180497  0.27063
22.4491  22.4723 -0.0296003  0.0351225
22.4427  22.4208 -0.161314  -0.367616
22.4352  22.4061 -0.0638431  -0.233764
22.434  22.4303 0.0270779  0.0583509
22.4371  22.4519 0.0667927  0.187732
22.4402  22.4503 0.0242631  0.0757306
22.4358  22.4363 -0.155367  -0.175603
22.4266  22.4035 -0.121943  -0.263628
22.414  22.3971 -0.253357  -0.309782
22.4004  22.3821 -0.155652  -0.199239
22.3887  22.3739 -0.195143  -0.203295
22.3734  22.3672 -0.263975  -0.222096
22.3589  22.3329 -0.170048  -0.25196
22.3425  22.3328 -0.32311  -0.285998
22.3229  22.3005 -0.266539  -0.312289
22.3104  22.2838 -0.107081  -0.159127
22.3046  22.3127 -0.0659177  0.0911662
22.3021  22.3085 -0.0100548  0.0804225
22.2983  22.3003 -0.104977  -0.0718263
22.2964  22.2876 0.0484345  0.0105816
22.2969  22.3011 -0.0332649  0.0140478
22.2971  22.3024 0.0408134  0.076257
22.3053  22.3034 0.203107  0.186772
22.3193  22.3482 0.218907  0.376631
22.3308  22.3549 0.124955  0.199218
22.3325  22.3339 -0.0749865  -0.152026
22.3337  22.3124 0.112774  -0.0612417
22.3377  22.3442 0.00796721  0.0500497
22.3382  22.3488 0.00690003  0.0560983
22.3444  22.3339 0.178555  0.094421
22.3581  22.3815 0.231245  0.363845
22.3742  22.403 0.251021  0.364832
22.3845  22.4023 0.0600219  0.0716721
22.3858  22.3805 -0.0207576  -0.140065
22.3804  22.3624 -0.141001  -0.28679
22.3737  22.3565 -0.0613449  -0.14888
22.3732  22.3666 0.0462861  0.0488349
22.374  22.3899 -0.0226476  0.10235
22.3685  22.3684 -0.140507  -0.149218
22.3661  22.3443 0.0666494  -0.057724
22.3638  22.3733 -0.135519  -0.0430437
22.3572  22.3528 -0.0619302  -0.0792154
22.35  22.3325 -0.154545  -0.237329
22.3438  22.3378 -0.0318465  -0.0211884
22.3467  22.3431 0.119621  0.139432
22.3612  22.3869 0.314517  0.488055
22.3839  22.4221 0.365734  0.544431
22.407  22.4439 0.327424  0.433531
22.4294  22.4492 0.347242  0.320346
22.4588  22.4801 0.534478  0.525802
22.4906  22.5382 0.418639  0.557392
22.5242  22.5574 0.587698  0.59705
22.5643  22.6015 0.618072  0.645262
22.5994  22.6558 0.433587  0.556294
22.6268  22.6443 0.387506  0.252417
22.6582  22.6697 0.554867  0.43625
22.6901  22.7366 0.401381  0.517836
22.7138  22.7435 0.31212  0.293928
22.729  22.732 0.143735  -0.0143467
22.7412  22.7396 0.220121  0.0951909
22.7509  22.7601 0.0715756  0.0511009
22.7595  22.7643 0.18682  0.149757
22.7675  22.7745 0.0520424  0.0410719
22.7673  22.7741 -0.0565619  -0.0650029
22.757  22.7363 -0.253037  -0.409517
22.7393  22.7081 -0.277118  -0.433862
22.7276  22.697 -0.0751262  -0.171102
22.7273  22.7349 0.0669698  0.215109
22.7364  22.7611 0.204895  0.393235
22.7451  22.7712 0.0580871  0.184683
22.753  22.7558 0.1764  0.129339
22.7703  22.7766 0.343097  0.332601
22.7984  22.8408 0.500818  0.691786
22.8249  22.8746 0.295576  0.456299
22.8466  22.8627 0.354031  0.272341
22.8728  22.8838 0.432279  0.35257
22.909  22.95 0.652873  0.766901
22.9485  23.0069 0.531605  0.699017
22.9775  23.0193 0.340604  0.355953
23.0006  23.0015 0.350076  0.135559
23.0184  23.033 0.185103  0.124043
23.0282  23.0358 0.109203  0.0319276
23.0337  23.0257 0.0567941  -0.0775294
23.0407  23.0401 0.153135  0.108506
23.05  23.0629 0.12369  0.16945
23.0626  23.0763 0.25614  0.289104
23.0808  23.101 0.288903  0.345647
23.1017  23.1319 0.336912  0.428354
23.1179  23.1423 0.14916  0.17509
23.131  23.1338 0.244478  0.142702
23.1437  23.1522 0.137933  0.104156
23.1494  23.1628 0.0325766  0.0381261
23.1509  23.1383 0.0121985  -0.126656
23.1514  23.1467 0.00181641  -0.0429311
23.1521  23.1521 0.0187953  0.0159043
23.1538  23.1553 0.0328822  0.0396186
23.1625  23.1667 0.229359  0.247954
23.1774  23.2036 0.21739  0.349806
23.1894  23.2156 0.142633  0.226682
23.2024  23.2034 0.246095  0.161718
23.2212  23.2391 0.318258  0.356856
23.2362  23.2692 0.130873  0.238344
23.2462  23.2474 0.170092  0.0641552
23.2575  23.2578 0.169036  0.0969544
23.2634  23.2809 0.00734905  0.0557479
23.2594  23.25 -0.125917  -0.24285
23.2459  23.2203 -0.279665  -0.442599
23.2215  23.1894 -0.451698  -0.590905
23.1906  23.1437 -0.475292  -0.644609
23.1551  23.1138 -0.589101  -0.665993
23.1181  23.0743 -0.520722  -0.583518
23.0848  23.0464 -0.478349  -0.488202
23.0543  23.0312 -0.437117  -0.359713
23.018  22.9921 -0.652087  -0.618058
22.9715  22.9187 -0.744313  -0.870007
22.9145  22.8457 -0.963467  -1.1315
22.8553  22.7779 -0.815047  -0.968483
22.8066  22.7473 -0.64357  -0.642036
22.7657  22.7453 -0.583775  -0.369362
22.7332  22.7049 -0.392166  -0.299163
22.7083  22.6932 -0.356311  -0.22498
22.6906  22.6803 -0.17212  -0.0624066
22.6743  22.6713 -0.316808  -0.207482
22.646  22.6289 -0.532272  -0.540125
22.6086  22.5491 -0.589403  -0.826813
22.5728  22.52 -0.486173  -0.599727
22.5414  22.5145 -0.456609  -0.386952
22.5079  22.4861 -0.548204  -0.476106
22.4667  22.4251 -0.687882  -0.750568
22.427  22.3677 -0.502136  -0.639014
22.3862  22.3554 -0.721209  -0.651636
22.3436  22.2983 -0.557784  -0.593453
22.3141  22.2675 -0.328482  -0.357741
22.2939  22.2992 -0.277396  -0.0113058
22.2731  22.2681 -0.345968  -0.233742
22.2446  22.2172 -0.509293  -0.560925
22.2156  22.1683 -0.360533  -0.502287
22.1918  22.1666 -0.351912  -0.321074
22.1649  22.1543 -0.45633  -0.356584
22.1309  22.0922 -0.562104  -0.652956
22.0977  22.0482 -0.436352  -0.55281
22.0751  22.0479 -0.241451  -0.193452
22.0646  22.0685 -0.0739118  0.127031
22.0575  22.0711 -0.137868  0.0428742
22.0553  22.0501 0.0730028  0.0843377
22.055  22.0642 -0.0826237  0.00376831
22.0478  22.0492 -0.134794  -0.122526
22.0431  22.0171 -0.00644296  -0.148833
22.0355  22.042 -0.221532  -0.133513
22.0132  21.9959 -0.444847  -0.520254
21.9866  21.9288 -0.355828  -0.6253
21.9646  21.9358 -0.304123  -0.316055
21.9507  21.9425 -0.112307  -0.00717291
21.949  21.9526 0.0629648  0.19413
21.9555  21.9804 0.130146  0.330775
21.9609  21.9808 0.0338907  0.133203
21.9648  21.9634 0.0814531  0.0281423
21.9657  21.9667 -0.0527422  -0.0737527
21.9637  21.9581 -0.00965237  -0.0586571
21.9676  21.9595 0.129172  0.083658
21.9703  21.9917 -0.0502174  0.0829012
21.9688  21.9636 0.00473984  -0.0562541
21.9714  21.9606 0.0760488  0.00635298
21.9705  21.9867 -0.104979  -0.00125237
21.9593  21.9457 -0.229876  -0.327234
21.9364  21.9017 -0.458078  -0.635525
21.9021  21.8552 -0.571491  -0.750695
21.8571  21.8003 -0.778568  -0.946854
21.8055  21.7395 -0.767209  -0.924578
21.7548  21.6926 -0.7541  -0.83323
21.7018  21.6567 -0.836012  -0.792774
21.643  21.583 -0.92984  -0.983676
21.5802  21.5078 -0.952771  -1.05468
21.5119  21.4428 -1.09808  -1.14482
21.4411  21.3603 -1.02493  -1.11855
21.3713  21.2977 -1.06793  -1.088
21.2978  21.2318 -1.13793  -1.10933
21.2149  21.1308 -1.34788  -1.42881
21.1202  21.0159 -1.49347  -1.65564
21.0189  20.8994 -1.54762  -1.73317
20.9089  20.7974 -1.74995  -1.82428
20.7981  20.6695 -1.57558  -1.71635
20.7007  20.5925 -1.34708  -1.32444
20.6182  20.5553 -1.12665  -0.86417
20.5471  20.4942 -1.00795  -0.786423
20.482  20.4313 -0.943213  -0.791152
20.4156  20.3601 -1.04998  -0.979388
20.3434  20.2702 -1.11466  -1.16687
20.2745  20.189 -0.953174  -1.05371
20.2165  20.1596 -0.785913  -0.693403
20.1589  20.1265 -0.942705  -0.749134
20.1032  20.0394 -0.729671  -0.778747
20.0542  20.004 -0.738392  -0.695374
20.0098  19.9772 -0.592936  -0.469194
19.9637  19.9267 -0.791869  -0.737603
19.9141  19.8609 -0.694548  -0.748778
19.8728  19.816 -0.546353  -0.600074
19.8336  19.8154 -0.627759  -0.450626
19.7958  19.7567 -0.506575  -0.509005
19.7597  19.7245 -0.577961  -0.557768
19.7266  19.694 -0.415318  -0.388142
19.6925  19.6662 -0.606985  -0.555418
19.6542  19.6158 -0.54126  -0.575232
19.6151  19.5669 -0.632488  -0.707521
19.5694  19.5308 -0.738527  -0.733598
19.5171  19.4546 -0.830586  -0.958191
19.4649  19.3999 -0.733874  -0.828978
19.4178  19.3699 -0.678971  -0.645447
19.3702  19.3355 -0.750045  -0.656507
19.3263  19.2739 -0.567983  -0.605172
19.2807  19.2471 -0.798168  -0.71891
19.2261  19.1739 -0.84063  -0.892253
19.1742  19.0975 -0.715138  -0.88234
19.1342  19.0954 -0.485886  -0.384315
19.1001  19.0879 -0.538862  -0.328307
19.0646  19.038 -0.525608  -0.471187
19.0316  18.9899 -0.462558  -0.511012
19.0032  18.9782 -0.391362  -0.330299
18.9831  18.9643 -0.211845  -0.138847
18.9687  18.9674 -0.21825  -0.0763305
18.9544  18.9498 -0.210734  -0.138708
18.9334  18.9161 -0.418949  -0.442964
18.9047  18.8669 -0.44326  -0.570635
18.8828  18.8385 -0.213525  -0.330148
18.8742  18.8745 -0.0453433  0.125318
18.8714  18.8918 -0.0376482  0.180539
18.8721  18.8763 0.0584684  0.108029
18.8788  18.8857 0.143905  0.190362
18.8937  18.9142 0.301134  0.405447
18.9133  18.9452 0.287495  0.416187
18.9252  18.9524 0.0706046  0.125767
18.9329  18.9225 0.159536  -0.0109117
18.9444  18.9466 0.18517  0.145728
18.9594  18.9829 0.264946  0.356815
18.9847  19.0058 0.493589  0.539036
19.0226  19.0724 0.644125  0.830134
19.0728  19.1368 0.862781  1.05862
19.1335  19.208 0.957196  1.13869
19.1965  19.277 0.931694  1.08002
19.2558  19.3188 0.848337  0.846508
19.3139  19.3632 0.893874  0.817749
19.3726  19.43 0.869128  0.865121
19.4341  19.4951 0.974248  0.991718
19.497  19.5648 0.914337  0.962307
19.5571  19.6222 0.887902  0.903811
19.6104  19.6622 0.709107  0.646564
19.6638  19.7014 0.893389  0.775561
19.7169  19.775 0.699066  0.736923
19.7676  19.8191 0.822406  0.809876
19.8268  19.8717 0.955265  0.910858
19.8915  19.9744 0.985476  1.16554
19.9539  20.0267 0.885393  0.944794
20.0181  20.0716 1.04098  0.972569
20.08  20.151 0.815936  0.868627
20.131  20.1855 0.714649  0.657426
20.1817  20.2064 0.807475  0.607658
20.236  20.2931 0.821069  0.871861
20.2983  20.361 1.04684  1.10996
20.3663  20.4468 0.99416  1.13171
20.4306  20.5086 0.934043  1.0076
20.4922  20.5437 0.915233  0.816467
20.552  20.6098 0.876605  0.849101
20.6037  20.6599 0.674479  0.647994
20.6412  20.6732 0.450364  0.301105
20.6649  20.6709 0.260571  0.023288
20.6754  20.6723 0.0561485  -0.144685
20.6844  20.669 0.213509  0.0188827
20.6919  20.7044 0.0114324  0.0408266
20.6967  20.7003 0.132365  0.102264
20.7022  20.7009 0.0332836  -0.0126912
20.7026  20.7117 -0.0212103  0.00666003
20.6991  20.6855 -0.0856812  -0.192001
20.6969  20.6866 0.0214313  -0.0285354
20.6923  20.6961 -0.158882  -0.113542
20.6853  20.6731 -0.0523242  -0.110675
20.6768  20.6652 -0.202586  -0.236645
20.659  20.6482 -0.330755  -0.347958
20.639  20.598 -0.270855  -0.447034
20.6171  20.5972 -0.3845  -0.380702
20.599  20.5733 -0.158388  -0.188122
20.5872  20.5798 -0.196569  -0.115085
20.579  20.5807 -0.0490642  0.0528157
20.5722  20.5696 -0.153975  -0.11311
20.5582  20.5532 -0.267512  -0.254474
20.5455  20.512 -0.114108  -0.262007
20.5387  20.5343 -0.0893656  -0.023628
20.5397  20.5468 0.120863  0.224942
20.5457  20.5631 0.0569217  0.17994
20.5501  20.5639 0.0764926  0.134968
20.5528  20.5508 0.0031037  -0.0462875
20.5565  20.5559 0.109985  0.0860534
20.5562  20.5639 -0.120194  -0.0899873
20.5521  20.5403 -0.00127083  -0.0892307
20.5566  20.5458 0.134425  0.0844311
20.5581  20.5865 -0.0889297  0.0943794
20.5575  20.5455 0.0711409  -0.0341109
20.5677  20.5643 0.233354  0.213825
20.5887  20.6277 0.3983  0.618226
20.6216  20.6634 0.587234  0.742221
20.6625  20.7194 0.639439  0.820765
20.6996  20.7543 0.474364  0.577185
20.728  20.7511 0.377864  0.269505
20.7605  20.7696 0.596539  0.451115
20.806  20.8544 0.769516  0.892853
20.8558  20.9315 0.723643  0.951631
20.9072  20.9595 0.817935  0.83467
20.9547  21.0086 0.609711  0.628492
20.9973  21.0344 0.666609  0.586387
21.0392  21.0713 0.589861  0.511979
21.0755  21.1187 0.498931  0.510023
21.1105  21.1323 0.551001  0.441179
21.1511  21.1864 0.667013  0.670999
21.1897  21.2452 0.492647  0.60551
21.2285  21.2583 0.670747  0.601806
21.2656  21.3065 0.442282  0.459306
21.3021  21.3346 0.652261  0.617224
21.3446  21.3806 0.624162  0.620958
21.3933  21.4518 0.836866  0.957968
21.4463  21.5068 0.751963  0.839944
21.5038  21.5642 0.974376  1.02965
21.5657  21.6328 0.88275  0.954461
21.6176  21.6881 0.673789  0.737838
21.67  21.6935 0.896962  0.68037
21.723  21.7836 0.69332  0.759056
21.7745  21.828 0.850994  0.853852
21.8389  21.886 1.08175  1.04851
21.9173  22.0162 1.26912  1.53208
22.0048  22.1104 1.35807  1.56137
22.1009  22.2041 1.52283  1.63874
22.2072  22.3202 1.6682  1.79523
22.3155  22.4436 1.57841  1.74251
22.4284  22.5352 1.80904  1.7962
22.5429  22.6676 1.62696  1.71655
22.648  22.7637 1.52491  1.53281
22.7554  22.8353 1.69758  1.50633
22.8687  22.9886 1.70056  1.79836
22.9895  23.1154 1.92374  2.01908
23.1242  23.2608 2.11913  2.23759
23.2598  23.4261 1.94807  2.18617
23.3869  23.5159 1.86356  1.81052
23.5069  23.6126 1.73708  1.57562
23.6264  23.734 1.84904  1.75681
23.743  23.8652 1.6496  1.67104
23.8507  23.9595 1.57969  1.52003
23.958  24.0444 1.6388  1.47805
24.0606  24.1727 1.44184  1.48059
24.1537  24.244 1.35097  1.25618
24.2371  24.3085 1.15105  0.987108
24.3067  24.3711 0.935846  0.793629
24.3709  24.4104 0.991009  0.764118
24.43  24.4889 0.782561  0.744682
24.4797  24.528 0.706676  0.625011
24.5294  24.5575 0.783818  0.621414
24.5744  24.6301 0.567604  0.615492
24.6106  24.6429 0.519016  0.421008
24.6454  24.6619 0.522892  0.374559
24.673  24.7094 0.306497  0.321101
24.6904  24.7 0.214338  0.076814
24.7001  24.6955 0.0762208  -0.0887834
24.7111  24.7072 0.25553  0.154746
24.7222  24.741 0.0777943  0.138127
24.7275  24.7372 0.080829  0.0691714
24.7389  24.7292 0.259829  0.14653
24.7519  24.7828 0.130956  0.281184
24.765  24.7778 0.262876  0.259032
24.7866  24.7994 0.383604  0.381143
24.8157  24.859 0.48866  0.654702
24.8524  24.8952 0.612819  0.715507
24.8961  24.9482 0.69799  0.813951
24.9481  25.0054 0.862934  0.964606
24.9992  25.0688 0.671643  0.803381
25.0503  25.0943 0.861267  0.804561
25.1093  25.1615 0.90723  0.91671
25.1645  25.2436 0.747441  0.901017
25.2106  25.2507 0.636212  0.51974
25.2488  25.2748 0.510353  0.359099
25.2786  25.3021 0.38454  0.274798
25.3052  25.3178 0.413379  0.284104
25.3296  25.3528 0.318538  0.29422
25.3472  25.3673 0.208465  0.176631
25.3562  25.3573 0.0615279  -0.0629558
25.3579  25.3491 -0.0108201  -0.143954
25.3587  25.3466 0.0341616  -0.0685622
25.3663  25.3688 0.195306  0.210161
25.3774  25.4028 0.137684  0.272219
25.3942  25.4095 0.365018  0.395665
25.4163  25.446 0.299099  0.39685
25.4348  25.4673 0.256021  0.333935
25.4487  25.4547 0.160257  0.0642487
25.4603  25.4651 0.18716  0.119564
25.4696  25.478 0.0924522  0.0692769
25.4743  25.4789 0.0498917  0.0143109
25.4709  25.4652 -0.15111  -0.230379
25.456  25.4345 -0.297759  -0.434232
25.4381  25.3983 -0.238252  -0.425675
25.4276  25.4093 -0.0763933  -0.0775218
25.4294  25.4388 0.128626  0.280564
25.4357  25.4639 0.0622484  0.260991
25.4417  25.4525 0.117326  0.148497
25.4515  25.4545 0.176576  0.153453
25.4589  25.4791 0.0442029  0.124109
25.465  25.4635 0.13893  0.0702658
25.4748  25.4796 0.156864  0.147955
25.4901  25.5103 0.301393  0.380004
25.5157  25.5424 0.467271  0.552512
25.5515  25.6005 0.604917  0.781912
25.5847  25.6402 0.392646  0.539994
25.6045  25.6255 0.201771  0.106497
25.6158  25.6035 0.137315  -0.105877
25.6225  25.6205 0.0611448  -0.0363505
25.6242  25.6232 -0.00886334  -0.0654724
25.6243  25.6158 0.010684  -0.0659853
25.6277  25.6263 0.0931054  0.0829843
25.6408  25.6537 0.299019  0.371259
25.6591  25.6945 0.248771  0.418106
25.6688  25.6943 0.0426299  0.0958326
25.6784  25.6634 0.244938  0.0566222
25.6985  25.7139 0.359711  0.406368
25.7219  25.7686 0.341432  0.543031
25.7405  25.7651 0.217035  0.223719
25.752  25.7571 0.127772  0.0252701
25.7644  25.761 0.245725  0.133566
25.783  25.8022 0.309708  0.362663
25.8016  25.8345 0.250382  0.359101
25.8251  25.8402 0.452627  0.424228
25.8516  25.8878 0.345176  0.442375
25.8704  25.902 0.21677  0.253423
25.8907  25.8874 0.393093  0.225337
25.9188  25.9487 0.450205  0.525733
25.9541  26.0005 0.607817  0.746124
25.9948  26.0434 0.61245  0.712578
26.0408  26.0913 0.768129  0.842
26.0927  26.1495 0.789527  0.870658
26.1384  26.2024 0.581154  0.67224
26.1794  26.2056 0.650422  0.50045
26.2213  26.2551 0.606758  0.553154
26.2671  26.3138 0.766971  0.803753
26.3212  26.376 0.854909  0.923111
26.3781  26.451 0.851309  0.993744
26.4303  26.4893 0.716127  0.730131
26.4708  26.5099 0.496954  0.397178
26.5091  26.5224 0.654287  0.449105
26.5566  26.5971 0.769592  0.788488
26.611  26.6823 0.86378  1.04447
26.673  26.7393 0.996086  1.08336
26.7339  26.8116 0.830203  0.948031
26.7932  26.8468 0.94919  0.892058
26.86  26.9166 1.05286  1.03339
26.9361  27.023 1.23269  1.38569
27.014  27.1095 1.10246  1.24706
27.0945  27.171 1.31268  1.30027
27.1773  27.2644 1.17231  1.22269
27.2628  27.35 1.39097  1.42342
27.3569  27.4478 1.43423  1.47478
27.4536  27.5688 1.46547  1.62457
27.5576  27.6551 1.65544  1.65949
27.6735  27.7957 1.82218  1.95993
27.7995  27.9414 1.95596  2.15172
27.9344  28.0789 2.09131  2.22968
28.0736  28.226 2.08423  2.21552
28.2145  28.3596 2.14468  2.18787
28.3545  28.4979 2.05372  2.07209
28.4887  28.6252 1.97138  1.94486
28.6151  28.7352 1.82228  1.71547
28.7343  28.8446 1.75389  1.63249
28.8585  28.9636 1.97176  1.86638
28.9912  29.1324 2.00994  2.14074
29.1206  29.2714 1.87083  2.00664
29.2478  29.3633 1.94569  1.83803
29.371  29.4957 1.74933  1.73156
29.4862  29.6 1.70597  1.63528
29.6028  29.6998 1.7926  1.65567
29.7287  29.854 1.98452  2.05257
29.8557  30.0039 1.82552  1.99424
29.9757  30.0995 1.7754  1.74865
30.0972  30.1993 1.86869  1.73301
30.2186  30.3485 1.77475  1.84078
30.3315  30.4513 1.61268  1.59929
30.4379  30.529 1.57869  1.41248
30.5383  30.6335 1.43364  1.35102
30.6319  30.7205 1.37228  1.2837
30.7215  30.8007 1.31757  1.20964
30.8075  30.8913 1.26309  1.21971
30.8893  30.9679 1.18945  1.13376
30.9759  31.0487 1.40894  1.34185
31.0768  31.1784 1.61664  1.73227
31.1807  31.3147 1.50202  1.75248
31.286  31.3889 1.65732  1.64599
31.4002  31.5082 1.76786  1.78838
31.5111  31.6474 1.55765  1.72635
31.6121  31.7086 1.47493  1.36321
31.7085  31.7873 1.41498  1.24755
31.8005  31.8907 1.34475  1.30097
31.8923  31.9754 1.41063  1.3435
31.9871  32.081 1.43252  1.4495
32.0857  32.1877 1.52484  1.58009
32.1891  32.2955 1.57765  1.63673
32.2886  32.4022 1.40678  1.48364
32.3885  32.4749 1.59093  1.49069
